5
47 2
96 20 58 82 76 4 75 87 7 98 2 19 16 64 22 65 53 88 33 40 67 71 62 52 91 7 78 68 1 9 46 55 98 95 16 70 79 14 19 11 30 16 15 74 33 64 93
71 24 69 74 47 45 99 1 100 2 41 97 20 75 21 55 47 48 67 9 30 71 38 45 49 30 98 23 31 64 61 40 98 12 88 22 78 66 80 68 27 24 81 70 12 77 63
49 2
25 19 68 67 80 31 9 31 10 85 55 15 71 11 5 62 90 95 12 39 78 18 40 28 64 81 51 53 25 47 25 59 29 55 16 36 33 74 25 77 64 2 8 4 7 65 22 47 71
93 63 68 61 68 90 22 10 16 72 11 86 10 42 77 8 27 24 58 41 100 19 83 86 47 55 62 31 28 11 85 53 37 95 6 77 13 40 53 100 12 36 8 62 17 88 76 64 97
35 2
6 61 34 38 93 13 84 66 30 63 45 99 4 1 19 44 42 16 72 44 80 27 93 61 52 27 71 33 37 89 73 50 89 73 70
42 16 66 27 36 30 41 34 51 30 25 72 35 77 64 16 25 62 97 58 4 79 99 16 44 65 31 32 60 68 39 86 95 84 92
49 2
36 11 70 56 56 47 53 74 80 73 78 10 11 76 51 46 36 69 71 24 85 34 67 67 39 96 34 16 45 40 54 25 30 35 86 39 39 5 100 43 58 46 51 71 20 85 79 88 25
21 69 17 48 56 84 48 66 50 90 66 4 53 46 73 11 91 99 53 78 75 16 16 1 98 79 8 84 28 93 24 19 89 16 11 65 66 90 96 24 7 93 28 31 96 86 98 94 3
49 2
92 86 18 37 55 59 88 86 37 76 34 94 28 10 77 63 54 97 80 15 3 37 2 3 81 82 64 44 63 59 47 86 9 54 33 17 19 91 98 2 13 28 47 90 31 70 85 37 3
75 96 8 22 15 83 48 40 25 94 76 42 74 99 71 59 7 34 9 61 11 32 64 31 37 33 89 72 59 98 51 57 52 26 6 21 93 19 43 71 35 36 20 72 68 77 26 65 58
