5
5 1
29 84 83 37 64 11 30 87 74 91 96 76 19 17 97 76 73 59 95 70 63 51 8 66 2 20
44 93 26 77 5 67 30 4 64 31 14 21 43 54 62 24 72 99 46 41 32 62 99 4 77 65
80 72 16 63 61 2 13 44 88 3 35 74 56 45 89 21 22 37 89 32 34 23 37 77 48 42
82 80 18 76 12 81 13 27 15 72 64 20 65 32 46 95 62 77 41 75 8 53 95 52 58 83
22 99 25 35 43 69 24 69 41 13 69 56 93 53 63 95 12 32 47 18 98 64 42 30 16 39
68 96 11 90 78 85 43 78 97 84 60 36 72 49 36 95 92 73 70 71 27 6 12 65 82 33
50 89 70 42 56 88 75 65 20 68 8 76 23 43 11 70 3 71 56 28 37 43 69 100 34 95
25 88 3 76 76 79 34 78 17 73 97 63 83 39 85 67 85 81 24 57 22 41 47 12 86 51
70 56 70 54 3 36 77 28 72 98 90 40 93 45 22 49 32 76 34 67 30 83 55 25 51 46
17 39 88 56 31 50 4 64 62 36 77 26 22 14 41 36 91 11 87 30 22 96 16 19 86 31
1 22 85 25 86 8 60 18 85 89 60 15 58 80 26 28 97 10 19 91 86 35 71 7 52 53
81 84 40 81 4 52 19 88 97 5 86 8 85 95 48 58 87 93 20 98 10 70 67 82 76 17
80 92 78 25 94 24 7 2 26 18 66 73 34 58 66 90 76 12 19 45 65 48 59 90 22 9
33 31 18 18 13 20 74 46 15 16 81 27 81 29 2 46 89 2 55 22 83 44 9 34 22 96
43 31 35 70 8 93 38 50 68 35 32 11 76 59 67 16 78 44 48 65 99 64 50 49 37 51
67 16 23 23 52 100 45 52 87 4 80 72 24 27 57 69 47 98 69 98 16 10 53 57 50 23
91 30 90 81 57 49 72 76 33 98 63 79 55 8 12 2 59 6 18 49 16 41 48 17 15 75
54 61 24 5 100 64 45 3 45 62 96 23 20 95 27 80 63 59 28 26 77 26 65 18 37 6
72 32 44 6 93 67 19 59 49 21 95 19 89 94 13 85 7 64 88 2 47 68 17 74 8 51
74 15 78 88 4 12 90 13 83 39 49 14 12 72 62 5 85 39 58 84 31 39 3 46 4 52
94 65 31 72 33 14 46 97 70 49 37 79 67 62 88 52 73 97 39 18 93 10 41 4 60 96
87 73 38 65 4 96 12 61 69 25 45 41 66 88 7 40 8 62 24 24 8 68 90 97 24 93
44 98 6 45 55 74 21 47 15 97 59 73 37 53 5 84 21 33 58 93 29 12 68 60 15 81
14 16 76 35 76 54 88 79 58 11 34 71 2 20 23 93 92 68 64 32 35 6 58 90 12 44
46 78 40 73 16 24 85 18 8 96 93 71 17 65 89 74 88 35 93 67 21 53 68 42 85 67
63 16 60 22 74 83 14 98 68 52 82 5 76 74 33 25 56 23 31 77 88 61 27 23 71 85
32422
7 1
90 6 99 80 11 30 50 6 94 92 45 42 92 73 20 9 47 91 54 25 66 94 83 65 76 74
90 13 32 6 31 22 65 52 86 47 97 62 11 27 80 43 32 49 16 72 38 49 91 61 69 13
48 39 70 8 36 87 64 80 61 36 6 45 34 13 77 87 45 87 11 27 25 28 80 51 2 81
30 34 5 2 33 88 9 54 79 25 96 6 86 14 29 61 48 59 90 65 86 50 9 78 53 89
54 93 100 67 60 20 2 32 52 75 76 98 3 42 51 8 38 34 78 98 62 53 6 43 90 29
27 71 100 92 30 60 9 77 33 100 18 56 94 73 2 53 22 64 87 81 92 66 11 82 97 72
93 59 1 45 23 89 82 33 4 85 34 95 23 80 70 77 39 99 46 22 98 56 40 22 70 91
13 45 95 4 44 49 47 14 99 34 93 47 37 99 45 21 73 71 85 28 81 8 50 82 52 18
29 3 16 51 81 1 60 26 7 87 74 63 50 90 80 51 30 56 26 34 7 57 77 35 14 78
99 56 68 51 36 30 17 45 70 84 92 29 9 30 62 12 84 14 66 66 24 85 31 87 47 4
48 73 40 87 67 7 16 7 89 78 1 7 42 72 29 81 44 11 92 12 15 28 54 32 1 98
10 43 76 98 66 87 11 78 71 16 19 27 68 37 18 83 90 31 41 3 68 90 100 33 98 43
91 99 17 34 59 57 27 41 65 51 63 21 68 38 69 63 46 53 5 80 59 39 63 19 27 93
36 15 11 66 67 17 5 80 36 40 34 41 83 98 57 85 51 62 5 22 25 30 49 9 36 61
93 12 58 62 6 39 5 18 7 22 95 49 71 45 16 62 75 39 53 1 57 24 31 69 87 91
64 91 48 65 74 75 63 56 63 77 12 25 28 58 73 62 54 73 92 43 13 23 78 69 88 65
4 63 97 100 87 15 60 67 44 18 61 97 7 5 3 46 95 25 76 93 86 66 30 20 64 21
65 1 73 44 71 3 78 89 50 34 98 41 93 26 44 16 12 91 48 13 86 91 2 89 22 44
51 16 15 34 54 49 84 7 44 95 99 23 15 4 37 43 80 2 85 75 4 90 3 5 86 54
59 81 37 4 10 4 11 76 76 61 11 91 71 70 92 2 31 5 81 73 38 9 25 61 6 71
36 30 8 81 39 29 2 96 22 33 16 48 8 29 20 8 25 38 55 22 88 3 26 73 53 3
52 86 3 83 30 35 51 14 91 57 47 53 18 100 51 54 81 36 77 96 70 66 43 14 7 58
61 51 73 73 36 1 76 22 77 8 66 34 95 66 33 67 31 27 22 74 86 43 87 87 93 58
74 86 5 41 45 60 2 3 8 50 68 75 56 60 37 49 12 9 44 43 11 41 49 20 14 58
18 88 15 89 49 53 88 20 25 44 46 67 24 89 65 81 12 49 7 44 37 16 53 83 81 94
43 50 61 49 70 29 13 18 80 3 64 29 47 87 47 86 87 96 45 9 56 59 34 26 64 100
9288289
5 1
31 54 79 63 98 16 38 91 95 10 16 76 93 72 81 91 44 4 61 33 9 83 64 65 39 97
54 20 99 57 21 40 72 73 57 8 1 91 11 62 71 99 28 30 44 61 23 58 89 93 83 58
64 61 26 79 53 94 52 43 58 79 5 46 66 88 38 7 42 34 64 69 75 44 4 73 50 18
58 76 27 8 97 82 22 82 30 16 93 76 59 76 9 57 48 87 79 44 21 68 16 71 94 84
14 88 70 8 91 29 15 28 91 53 37 82 79 9 33 1 21 66 42 89 60 3 19 22 14 8
12 2 97 62 82 19 65 31 17 52 18 26 73 9 75 6 48 57 27 13 80 89 39 12 49 67
78 31 26 66 99 14 1 36 32 69 66 8 59 38 9 32 8 37 98 60 57 13 81 67 88 15
75 32 77 36 46 81 23 55 13 86 57 65 71 94 44 94 61 97 82 79 66 6 96 46 69 92
84 2 44 16 27 67 65 21 60 60 54 34 61 32 29 56 93 11 50 7 48 49 75 86 36 18
18 97 74 85 69 11 35 75 7 50 27 37 59 36 28 71 47 3 39 37 48 57 30 47 7 49
77 79 35 45 31 87 35 31 71 10 72 87 7 70 22 87 6 9 65 45 40 92 9 87 37 93
31 26 66 19 13 87 41 9 76 72 43 32 25 88 32 65 54 30 25 16 37 69 25 25 84 90
98 81 73 65 70 92 62 56 17 65 66 47 50 39 19 94 38 71 5 95 81 73 61 7 34 41
57 37 50 5 6 59 78 50 82 40 19 29 37 41 8 80 88 28 7 35 53 92 94 3 59 85
41 41 58 49 14 58 63 30 35 84 77 74 95 19 33 34 82 81 66 77 41 80 34 43 64 84
72 81 48 69 77 32 3 76 11 83 78 75 17 14 6 72 79 77 94 22 13 62 71 85 27 20
65 25 96 30 5 31 18 1 97 34 92 74 50 15 39 41 40 70 99 19 27 68 71 14 18 53
31 9 3 5 30 61 66 37 85 70 54 12 68 75 28 80 43 61 21 71 70 78 86 65 34 45
63 80 25 12 6 64 42 28 34 83 72 92 51 82 24 79 95 25 5 34 59 24 62 82 7 45
33 46 93 96 89 94 32 75 43 24 36 59 96 28 93 84 89 68 17 21 84 6 67 5 3 12
18 59 30 62 70 19 64 11 14 57 49 15 10 31 8 79 27 38 74 100 96 5 37 52 50 49
18 77 41 92 2 48 60 67 88 95 95 94 60 17 79 72 9 44 53 5 36 71 54 74 10 72
55 79 19 29 80 18 99 38 34 27 26 96 29 44 77 14 38 77 7 64 92 98 98 91 67 55
16 100 27 81 31 71 99 88 52 31 31 58 32 96 1 54 66 78 79 24 6 1 82 5 73 43
1 36 61 93 44 66 24 78 10 2 22 62 48 47 13 24 14 13 20 6 92 93 53 74 34 51
34 83 97 7 27 37 99 52 1 59 31 15 1 31 87 30 10 18 7 30 64 66 59 76 58 56
37344
9 1
89 46 42 66 63 5 32 32 28 51 83 69 95 52 84 8 19 30 42 99 97 49 99 27 96 30
5 65 15 31 13 49 74 50 76 65 85 95 24 70 81 3 16 59 48 40 85 40 2 83 50 73
46 57 74 94 2 13 25 80 7 37 51 45 40 41 89 34 31 51 67 89 13 74 99 43 53 37
47 46 83 62 97 96 98 63 91 30 45 69 53 53 78 18 13 12 31 81 100 92 94 67 95 17
23 74 95 34 97 28 20 37 31 29 81 71 70 43 41 95 64 26 10 38 81 64 76 22 5 82
94 37 88 38 59 2 18 71 30 90 16 11 28 13 64 12 87 26 66 35 15 7 16 48 3 13
8 32 9 66 65 6 33 40 73 59 92 9 63 41 94 21 63 45 17 37 74 80 27 82 30 96
96 14 74 53 74 89 39 65 57 32 38 89 63 81 13 43 47 53 17 34 73 84 61 45 89 18
12 4 86 96 55 36 23 46 78 43 66 95 36 8 83 77 64 73 53 56 76 68 59 27 54 74
37 97 52 90 31 7 53 35 89 95 62 25 73 79 92 5 10 38 54 93 74 20 56 27 96 45
68 35 21 55 79 66 10 72 64 80 40 22 42 34 81 92 91 84 48 2 95 89 95 33 79 47
87 37 16 58 15 51 79 75 62 21 81 80 31 74 84 19 86 16 19 23 14 82 83 64 75 10
3 95 68 18 18 96 33 90 10 43 30 5 75 26 48 15 45 20 93 22 16 89 21 40 23 52
95 59 34 61 93 45 84 86 36 69 92 5 23 14 34 87 56 59 84 25 43 83 5 94 81 83
83 37 41 80 31 6 41 4 50 84 48 47 49 64 84 99 27 20 75 90 33 72 51 21 78 59
1 35 13 58 77 66 44 71 88 57 7 88 56 92 19 88 33 50 39 86 95 65 94 51 84 92
32 56 53 56 62 28 58 13 30 28 99 47 82 85 61 82 34 50 65 79 22 100 40 80 51 74
90 6 64 100 91 17 80 31 84 21 24 11 27 92 26 23 55 85 55 9 59 44 56 55 42 62
59 84 36 80 26 76 88 95 19 2 65 87 57 83 94 17 68 11 36 21 26 78 93 86 98 38
54 77 89 30 39 50 2 58 28 33 67 9 70 58 50 63 98 93 45 54 74 41 98 38 47 14
18 36 41 12 8 54 9 38 55 45 100 24 57 77 98 100 48 21 98 1 70 66 21 98 76 13
93 59 81 98 38 100 68 71 62 8 28 31 64 60 52 8 26 83 48 14 44 84 25 81 47 11
7 1 5 7 97 38 20 75 1 54 21 98 79 27 53 87 12 93 80 22 11 72 24 7 45 70
99 36 36 73 79 77 90 71 10 73 94 61 82 26 65 45 57 60 50 29 81 48 65 74 72 25
35 3 97 32 100 72 5 52 69 69 92 39 44 51 8 23 10 90 46 93 99 28 62 56 71 74
40 68 95 99 14 7 81 55 75 31 42 90 16 56 58 61 91 65 39 38 28 82 55 41 36 12
229496634
7 1
11 17 50 33 60 31 17 69 41 53 43 80 78 50 22 28 2 76 57 39 56 57 19 71 19 14
62 37 34 2 62 95 55 91 50 18 12 73 18 80 66 68 77 75 9 40 79 89 54 77 32 68
47 39 23 93 43 91 51 8 15 39 100 28 26 98 69 60 83 97 69 56 18 3 22 5 63 26
19 58 64 86 34 13 7 47 3 55 52 46 50 80 57 61 28 13 13 98 61 52 50 43 70 50
93 20 86 63 90 93 17 91 79 37 66 18 82 83 14 23 70 13 60 54 18 85 53 64 32 63
43 80 98 1 74 52 100 80 67 11 63 96 22 52 27 31 83 7 69 32 88 16 35 14 43 69
63 75 79 47 72 95 57 76 93 15 20 33 35 91 10 83 1 98 96 39 28 81 71 83 27 99
35 3 67 95 12 90 49 55 94 37 98 79 48 57 100 18 68 86 78 60 10 31 73 91 36 44
52 62 92 68 79 33 24 93 73 8 39 83 76 66 21 85 17 98 4 1 25 47 87 57 49 42
25 18 57 70 62 33 19 38 37 63 65 1 34 10 54 82 75 36 71 42 49 69 98 1 55 67
11 28 42 10 92 40 41 19 18 100 19 32 60 34 38 67 67 35 8 82 75 36 61 47 22 66
18 38 49 74 29 61 88 38 9 6 41 9 52 3 79 20 10 1 84 39 46 77 17 51 31 30
14 33 33 9 100 84 54 13 1 20 34 16 43 11 89 21 43 2 25 84 82 39 55 89 35 58
21 1 11 89 11 86 48 53 91 59 94 10 53 35 88 44 68 92 94 68 63 8 13 40 29 95
13 93 5 92 3 39 12 94 97 35 60 75 67 74 44 1 92 90 40 46 79 51 23 36 37 41
24 21 58 67 11 55 71 56 49 26 69 35 21 51 30 22 27 24 36 100 28 52 71 6 46 27
23 36 92 94 66 53 80 89 55 75 58 62 90 86 12 77 4 75 80 63 97 38 100 5 94 92
89 30 3 67 30 76 39 48 1 15 49 39 99 15 2 85 49 25 13 18 68 7 84 60 96 82
6 50 37 35 81 67 23 10 24 42 44 43 54 38 6 41 98 33 43 16 92 61 73 63 84 52
19 99 87 64 40 13 93 50 100 46 13 10 5 75 62 16 35 98 64 7 79 83 16 22 14 51
37 84 22 93 10 15 20 67 21 73 84 5 86 89 69 60 27 40 33 17 98 19 49 49 93 69
40 48 32 63 6 91 29 40 59 86 20 79 49 64 95 51 46 9 78 100 80 38 77 69 12 64
44 89 5 86 6 62 28 92 6 65 77 61 78 6 87 87 74 95 82 20 23 35 19 98 43 73
8 23 91 64 95 52 31 89 37 14 77 32 13 44 99 59 82 43 32 81 30 18 17 87 81 73
22 22 71 86 75 28 34 1 34 82 34 32 74 75 34 59 72 11 73 19 12 97 83 69 88 74
25 27 6 28 61 39 2 68 59 63 36 88 20 81 30 61 48 46 6 16 70 68 65 88 81 90
2738952
