5
7 89
3 7 4 4 0
4 2 3 5 1
4 4 4 1 1
5 1 4 5 1
6 7 3 4 1
7 3 2 2 0
8 5 5 5 0
11 3 3 3 1
12 5 2 3 1
14 5 3 5 1
17 6 4 5 1
18 7 4 1 1
19 6 2 3 1
21 4 4 3 1
22 3 5 4 0
22 2 2 2 1
23 2 1 4 0
24 2 4 5 1
26 6 5 1 0
26 5 2 1 0
27 5 3 1 0
28 2 1 1 0
28 6 4 2 1
29 2 4 3 0
30 1 3 1 0
30 6 2 5 0
32 4 1 5 1
33 6 2 1 1
34 1 4 5 1
35 1 5 2 1
36 4 2 2 1
36 7 4 1 1
38 6 5 2 0
41 4 4 1 0
42 5 2 1 0
42 1 1 2 1
44 7 3 3 0
44 1 3 1 1
45 7 1 4 0
45 3 1 4 0
46 7 2 4 0
47 4 2 5 1
49 3 3 3 1
50 1 3 5 0
50 1 3 1 0
50 5 3 1 0
51 5 3 1 0
51 1 3 5 1
51 2 2 1 0
52 1 4 1 1
52 2 2 5 0
52 4 5 5 1
53 7 5 4 0
53 3 4 1 1
54 6 2 5 1
55 1 1 4 0
56 5 3 5 1
56 1 5 5 1
58 2 1 3 1
65 6 5 5 1
66 2 3 3 1
67 3 5 2 0
67 4 1 2 1
69 5 1 3 1
70 7 1 2 0
70 2 2 3 0
70 6 3 2 1
70 3 2 3 1
70 3 3 2 0
73 5 2 2 1
75 5 1 2 0
78 6 5 1 1
78 5 2 2 1
79 1 2 4 1
85 2 2 2 1
86 4 4 2 0
87 5 1 3 1
87 4 4 1 0
90 4 1 3 1
90 5 4 5 0
91 4 2 3 0
92 1 4 5 1
93 2 5 5 1
94 4 1 2 1
95 2 1 4 0
96 6 2 2 1
96 6 3 2 0
97 2 2 3 0
100 6 3 5 0
5 97
1 2 3 3 0
2 1 4 1 0
3 2 1 4 1
4 5 5 2 0
5 4 1 2 0
7 3 4 4 0
7 1 1 1 0
8 4 1 4 0
9 2 4 5 1
11 1 4 2 0
12 3 4 1 0
12 2 4 2 0
13 5 4 5 1
14 1 2 5 0
15 3 1 4 0
15 4 3 4 0
15 5 4 5 0
15 1 5 3 1
17 4 3 4 0
19 1 4 5 1
21 1 4 1 1
22 2 5 2 0
22 4 2 4 1
22 2 3 1 1
23 2 5 3 0
23 3 3 2 1
26 4 1 2 0
28 5 3 4 0
28 2 3 1 0
29 1 5 5 1
29 5 1 1 1
31 3 5 4 1
32 2 2 1 1
33 1 5 5 0
35 3 2 5 1
37 3 2 5 1
38 3 1 2 1
39 3 2 2 0
40 4 4 2 1
40 5 5 2 0
42 3 1 4 0
43 2 4 4 1
43 4 2 2 0
44 3 1 2 0
47 2 5 5 0
48 4 1 2 0
48 3 3 1 0
49 1 3 4 0
50 1 5 1 1
51 5 4 3 0
52 4 5 4 0
54 2 3 1 0
55 3 1 3 1
56 5 2 3 1
56 4 1 3 0
58 5 4 2 0
60 3 3 1 1
61 1 5 1 1
62 2 1 5 1
62 5 3 2 0
62 3 5 2 0
64 1 2 4 0
64 1 1 5 1
66 4 3 3 0
67 3 2 1 0
67 1 5 5 0
67 2 4 1 0
68 5 1 1 0
69 5 5 1 1
69 1 4 2 0
70 1 4 3 0
70 3 4 3 1
71 2 5 3 0
74 5 5 2 1
80 3 3 5 1
80 1 2 3 1
81 4 3 3 0
81 4 2 3 0
85 2 5 5 1
85 1 5 1 0
85 3 2 1 1
85 4 1 1 0
86 4 4 3 0
86 5 3 4 1
87 2 2 5 1
87 4 5 3 0
88 4 4 1 1
90 3 1 3 1
90 2 2 2 0
91 5 5 5 1
92 2 1 3 1
94 1 3 4 1
94 3 2 1 0
96 1 1 2 0
97 5 2 5 1
97 4 2 3 0
99 1 5 1 1
10 66
1 4 1 1 1
1 6 5 2 0
2 5 2 3 1
4 2 3 2 0
6 9 2 5 0
8 3 2 2 0
9 3 2 1 0
13 3 1 1 1
13 9 3 4 1
17 5 4 3 1
18 5 5 5 0
21 7 5 5 0
21 7 1 2 0
22 9 4 1 1
24 10 3 1 0
25 7 3 5 1
27 8 5 3 0
27 7 3 5 1
30 5 2 1 0
31 1 2 5 0
33 6 5 2 1
33 8 2 1 1
37 1 4 1 0
38 10 5 1 1
39 7 3 2 1
41 8 1 3 0
42 1 5 5 1
42 1 3 4 1
43 6 5 1 1
43 6 5 4 0
49 3 1 1 0
49 9 1 5 1
52 10 1 5 0
52 7 4 5 0
53 2 2 2 0
53 1 1 4 0
54 5 5 2 1
55 9 2 2 1
59 8 1 5 1
59 2 5 2 1
62 5 3 4 0
63 1 2 1 1
64 5 3 2 0
66 7 4 1 1
66 10 3 1 0
67 7 1 2 0
67 5 5 5 0
68 7 3 5 0
74 5 4 2 1
75 10 5 1 1
81 7 3 3 1
81 4 3 2 1
83 5 2 3 0
85 6 5 4 0
87 10 4 5 0
87 9 4 2 0
88 9 5 1 0
96 2 2 4 0
98 3 1 3 0
98 7 5 4 1
99 2 5 3 1
99 8 1 2 1
99 2 2 1 1
99 9 5 4 1
100 9 2 1 1
100 9 1 4 1
7 97
1 3 3 2 1
2 5 2 2 1
3 1 4 2 0
4 7 2 5 0
5 5 1 1 0
5 7 1 3 1
10 4 5 5 0
11 1 4 1 1
12 6 4 3 0
14 1 4 1 1
15 2 1 4 1
15 5 2 1 0
16 1 5 2 1
19 4 2 3 1
20 4 2 5 1
22 2 4 1 1
22 7 4 4 1
22 1 2 1 0
22 1 1 3 0
23 7 4 2 0
24 6 3 1 1
24 3 1 5 0
24 7 1 4 1
28 7 3 3 1
28 5 2 3 0
29 7 1 1 1
30 6 1 3 1
33 3 4 5 1
33 5 5 2 0
34 6 4 1 1
39 6 5 5 0
39 2 1 3 1
39 3 1 4 1
40 5 5 3 0
41 2 1 3 1
42 4 2 4 1
43 5 2 2 1
43 2 5 1 0
44 7 4 2 0
44 3 5 4 0
45 1 4 2 0
45 3 5 1 0
45 4 4 1 0
47 2 1 3 1
48 2 5 4 0
49 3 4 1 0
49 4 2 4 1
49 6 3 5 1
53 5 2 4 1
53 1 3 4 0
54 7 4 2 0
55 1 1 1 1
55 6 4 3 0
56 4 2 1 1
56 1 3 2 0
58 4 5 5 1
58 5 5 3 1
58 3 4 3 0
59 2 2 2 1
61 4 4 1 1
62 2 2 2 0
63 4 2 5 1
64 3 4 5 1
64 3 5 3 1
64 5 4 5 0
67 4 3 4 0
68 2 2 2 0
71 4 5 3 0
72 5 2 4 1
73 1 4 5 0
73 5 3 3 0
75 2 2 5 0
75 5 3 2 1
76 6 3 2 1
76 1 4 5 1
80 2 4 5 0
80 5 3 2 1
82 6 3 4 1
83 4 1 5 1
84 7 2 1 1
85 6 2 5 1
86 4 1 5 1
86 4 3 1 0
87 5 4 4 0
88 7 3 4 1
88 6 3 4 0
89 7 1 5 1
90 3 1 5 1
92 6 1 3 1
92 3 2 3 1
93 1 3 1 1
93 3 1 4 0
93 1 5 4 1
94 2 2 5 0
95 6 1 1 1
97 7 1 5 0
97 5 4 3 1
10 58
5 1 2 5 1
7 5 1 4 1
9 2 3 1 0
11 3 4 5 1
12 4 5 3 1
13 8 2 3 1
14 5 4 4 0
16 10 5 1 1
16 10 1 5 1
17 10 3 4 1
21 2 4 4 1
25 6 1 4 0
25 1 3 1 0
27 9 1 5 1
27 4 1 4 1
28 9 3 4 1
30 9 4 2 0
32 1 5 2 0
34 10 2 1 1
34 4 4 2 1
36 6 1 5 1
37 1 5 1 1
37 3 4 3 1
37 6 3 1 0
38 4 2 2 0
40 9 4 4 0
46 1 5 5 1
47 1 4 5 0
47 2 4 1 1
49 8 2 3 0
52 5 1 2 1
54 9 4 3 1
57 9 4 1 1
59 5 2 5 0
62 3 2 2 0
64 7 1 5 1
66 3 5 4 1
66 3 4 3 1
70 9 3 4 1
74 6 3 1 0
77 10 4 1 0
77 8 2 3 0
83 10 2 2 0
86 8 2 2 1
87 3 2 4 0
88 1 4 1 1
88 5 2 4 1
93 9 1 5 0
93 1 3 4 1
94 6 4 2 0
94 3 3 3 1
96 6 2 4 0
96 1 1 5 0
97 7 4 5 1
98 1 4 2 0
98 3 1 4 1
99 5 5 3 0
100 4 3 3 1
