10
6 6
219 -936 106 -700 867 -113
-56 559 639 -647 -70 -262
6 6
-856 972 948 -868 -632 827
115 -844 -578 741 -598 -357
6 6
315 -270 459 -251 657 -884
684 612 638 -328 -251 -713
6 6
562 958 635 783 109 91
-880 -819 -41 -48 -524 352
6 6
945 581 -229 -675 -540 -380
-350 -902 -245 411 678 -625
6 6
-227 506 886 523 -604 -41
841 886 -75 543 327 -759
6 6
-834 826 458 -389 -466 -596
-17 -370 48 -196 -59 -153
6 6
-3 -44 874 199 884 166
987 452 256 -290 795 -394
6 6
-555 194 807 -271 971 493
-458 -866 859 -995 27 -210
6 6
-946 200 892 -443 306 327
35 356 87 167 -20 -707
