10
6 6
-759 -667 -825 993 845 -616
-715 139 -698 -885 780 -502
6 6
953 108 -921 974 -719 -154
-124 -721 -715 26 -631 521
6 6
-641 -12 -354 689 517 176
344 676 -186 -782 850 988
6 6
-594 -466 104 294 175 -609
698 -889 774 -316 645 451
6 6
889 350 782 -120 -601 -66
3 692 -421 -405 703 -999
6 6
-643 -760 -152 240 -907 316
795 613 223 265 -558 705
6 6
-52 526 294 -938 595 -411
834 304 -226 330 676 405
6 6
798 -706 -623 37 824 -258
170 -150 -784 790 -487 -768
6 6
-201 -80 -405 519 -244 -986
69 787 -772 -713 -332 527
6 6
419 88 51 318 -484 297
-696 -77 740 211 235 -618
