5
10 1
32 84 50 95 3 74 70 14 53 61 6 34 71 54 89 52 96 46 60 74 51 45 92 7 4 57
77 42 65 59 22 39 42 39 60 99 73 68 78 35 48 66 62 92 92 32 50 26 66 49 91 80
39 12 76 47 25 89 80 91 35 21 27 3 3 1 92 24 12 14 17 71 87 13 8 10 65 29
96 13 34 93 37 35 67 60 15 55 37 15 44 24 38 90 32 92 37 49 4 90 47 81 4 76
16 44 6 27 37 78 91 97 39 53 71 16 27 43 35 51 59 69 57 8 83 92 80 42 32 60
95 98 89 33 18 89 19 33 12 61 74 17 90 15 66 68 69 54 45 55 96 49 35 46 9 11
58 17 9 8 37 29 81 67 24 4 31 21 72 46 27 67 39 53 95 93 83 85 92 4 73 21
100 82 38 64 87 44 27 58 85 45 47 16 47 41 18 87 36 54 13 18 68 44 81 5 92 76
44 3 35 15 10 33 29 74 12 41 27 4 2 28 43 81 55 23 22 61 75 32 32 64 12 7
14 93 18 52 4 68 22 51 3 59 34 93 25 92 29 15 58 70 74 5 90 66 86 25 11 23
97 65 1 61 80 9 90 12 59 16 41 59 20 55 30 89 30 57 23 71 23 50 37 46 39 70
2 88 50 34 94 83 85 22 27 85 82 20 84 64 40 38 61 75 56 66 33 62 1 40 42 79
99 57 44 50 69 25 77 86 90 70 97 19 92 76 13 78 67 19 2 84 85 46 39 90 65 50
38 34 48 20 37 80 93 48 11 55 41 49 4 85 33 53 80 42 1 54 53 78 18 29 33 84
58 35 75 54 81 25 20 87 85 14 30 71 35 69 30 59 76 20 86 74 77 92 12 47 57 42
26 33 1 12 11 36 70 16 37 17 59 13 20 55 65 30 86 72 82 11 45 17 95 57 73 41
7 30 29 64 63 87 32 4 2 95 30 97 43 85 58 69 1 97 16 60 40 79 59 82 47 74
10 9 24 40 20 44 52 11 21 6 24 57 69 54 18 55 31 44 65 22 66 54 87 5 94 80
16 78 98 72 8 100 37 78 100 36 77 83 99 47 55 50 100 100 90 69 81 85 60 35 92 68
39 89 32 4 60 37 90 32 50 53 9 25 82 7 53 59 26 83 65 97 50 52 56 5 73 59
94 38 60 44 70 90 29 31 31 75 83 23 80 95 21 51 74 51 14 52 89 40 92 93 8 5
4 73 89 30 16 76 64 88 81 63 35 67 45 74 80 25 67 32 100 67 27 6 63 15 41 26
14 55 71 11 50 69 68 85 38 77 40 52 36 82 91 78 39 89 4 23 18 73 90 86 19 82
37 52 22 72 74 6 55 70 21 18 62 21 27 54 44 83 16 33 61 97 21 12 66 43 44 84
17 79 25 5 5 28 30 92 60 12 42 38 10 68 93 40 46 85 51 97 37 46 74 31 34 38
55 74 55 43 44 19 16 17 49 90 37 59 27 91 63 53 77 99 59 43 70 72 28 84 15 45
8942433246
6 1
42 66 60 16 74 11 13 24 50 34 58 25 20 12 46 53 3 79 71 15 23 43 22 64 76 31
85 94 50 23 54 89 38 23 71 34 14 53 67 67 6 19 89 1 42 20 21 76 99 13 7 43
83 46 24 42 22 56 49 71 95 16 36 3 32 29 39 99 56 96 92 10 29 83 97 5 57 11
52 76 99 66 83 17 18 93 85 70 1 68 30 100 30 59 24 77 97 8 25 9 63 54 62 4
43 91 47 80 60 38 41 29 99 44 79 3 54 76 76 74 93 64 29 17 27 92 46 19 43 33
9 37 55 56 12 36 57 63 82 36 95 55 11 91 88 100 22 46 47 49 39 71 98 96 56 59
20 93 97 86 71 53 73 19 98 23 62 63 70 34 18 13 39 16 30 74 22 9 84 19 45 37
48 80 58 42 70 89 34 16 86 66 64 40 25 47 89 39 86 9 23 77 47 33 54 45 1 94
88 25 64 78 62 35 6 39 36 64 72 85 80 11 92 46 15 48 80 63 72 19 89 94 31 30
22 8 41 25 45 63 41 56 34 36 65 21 52 47 98 83 60 66 39 57 60 89 53 51 100 90
5 99 79 100 22 33 70 79 75 35 6 51 79 87 61 21 63 44 43 56 16 78 4 4 28 100
94 23 14 1 57 81 81 81 23 93 7 65 33 86 84 50 77 90 77 23 64 62 79 5 1 22
26 71 46 15 35 63 25 16 11 4 83 31 24 53 46 17 100 32 11 26 62 3 12 69 4 22
71 44 15 34 69 71 84 52 28 18 61 96 57 34 42 70 32 54 61 10 82 13 14 19 77 40
47 90 89 95 62 95 6 60 58 17 45 91 90 62 36 28 71 49 26 24 83 82 10 99 15 5
83 67 72 84 87 60 28 99 28 28 60 88 83 4 9 47 12 74 84 64 56 14 45 86 40 61
69 55 61 52 98 82 7 83 96 76 78 72 91 39 31 27 31 67 12 48 24 21 16 56 6 76
79 79 43 41 27 72 77 44 81 16 76 61 89 72 60 18 35 28 67 71 34 76 96 30 97 3
58 26 35 38 43 5 56 41 18 67 29 48 89 99 73 84 26 34 82 36 54 62 40 69 24 53
72 94 21 37 16 79 2 67 15 100 40 56 68 65 68 28 33 41 49 87 28 82 36 48 42 85
34 65 56 70 30 84 8 80 82 36 10 91 8 6 87 17 81 17 9 17 76 16 92 34 54 93
19 34 3 62 47 44 87 39 1 64 39 59 91 40 6 40 92 24 64 8 64 58 83 34 11 62
99 12 86 20 27 49 7 39 56 30 69 74 100 13 34 57 59 92 26 47 45 88 61 78 71 27
43 95 93 84 61 76 58 26 28 57 98 87 23 99 98 6 49 97 11 50 95 94 36 10 35 71
5 2 25 69 7 86 16 88 31 92 96 86 40 50 80 66 7 33 35 16 87 40 61 19 15 17
78 25 98 14 80 94 62 60 79 36 87 3 95 93 18 45 21 57 67 88 35 13 55 98 19 46
966443
8 1
80 29 5 93 52 44 96 52 40 2 93 66 31 9 41 70 31 85 44 30 52 8 24 76 90 94
51 97 67 43 66 94 98 9 39 92 15 16 84 2 56 12 15 67 97 86 47 37 16 28 30 42
41 43 2 94 65 12 57 52 56 49 26 16 68 49 98 91 40 73 17 70 59 64 86 97 63 85
62 77 95 29 31 26 59 35 92 90 74 10 30 48 56 30 38 25 78 86 65 84 82 77 14 12
13 9 13 17 42 74 66 52 81 72 2 26 60 99 92 63 18 99 21 60 97 81 39 11 97 20
41 70 60 77 81 54 67 34 95 28 55 69 93 64 27 78 41 10 94 31 52 4 37 64 22 50
39 41 86 42 89 1 56 5 36 68 76 2 46 26 79 76 43 13 43 97 31 45 36 49 48 63
40 30 66 55 47 21 14 62 87 65 6 11 37 1 30 20 76 6 73 40 54 16 25 14 48 88
19 80 12 66 27 79 21 58 49 3 30 95 74 46 34 62 88 37 79 44 9 90 53 35 94 75
77 70 68 15 40 75 68 84 49 98 35 82 95 23 26 96 84 44 32 11 44 65 49 44 34 2
55 29 11 81 8 28 86 14 11 97 60 96 20 63 44 68 55 24 7 38 15 20 78 97 11 32
3 9 58 34 76 5 27 29 56 25 34 74 81 2 54 48 12 21 27 20 69 41 55 79 48 47
25 75 94 64 98 19 51 53 82 63 61 29 65 20 9 42 37 51 83 59 73 6 59 62 67 37
95 26 78 60 83 24 84 86 91 22 95 81 92 45 93 26 55 17 80 43 3 45 20 95 82 80
51 30 68 27 22 79 21 64 68 68 93 93 87 62 39 75 72 36 46 38 21 56 26 71 62 16
60 5 66 72 95 12 1 13 38 82 80 77 1 75 46 4 58 80 63 46 16 7 67 20 55 43
71 36 61 83 61 3 97 44 68 12 12 50 20 64 73 52 64 87 85 15 47 94 52 96 59 71
82 20 90 18 72 25 87 98 84 18 40 100 32 81 12 73 11 93 33 3 80 88 91 84 78 28
15 74 23 56 10 23 74 74 37 52 16 1 30 4 32 81 92 35 20 38 99 11 90 5 30 42
50 47 6 31 96 23 93 80 6 86 33 71 79 67 100 23 50 17 51 90 44 93 38 38 7 62
96 50 30 57 65 5 22 67 9 74 73 91 94 43 66 77 99 66 68 66 17 11 88 30 48 92
62 9 8 77 27 93 91 66 16 45 79 1 62 31 26 3 55 98 83 5 62 10 28 67 54 53
85 14 94 15 22 72 47 91 79 41 29 95 43 94 33 85 27 2 12 69 38 27 52 41 53 93
51 59 28 96 79 25 42 88 27 51 98 88 94 10 23 44 81 80 67 26 7 20 3 89 87 26
7 40 92 21 31 77 89 56 15 25 59 77 20 68 64 26 69 64 25 50 75 28 31 38 40 23
79 4 23 36 7 74 62 2 13 21 57 42 50 10 39 27 31 81 42 23 95 38 73 17 16 81
28789636
9 1
31 44 71 35 16 44 44 4 36 18 20 50 34 84 31 67 19 24 14 65 71 67 37 62 57 94
75 83 57 18 41 82 27 42 42 32 26 59 33 32 53 97 5 5 42 24 52 31 47 21 79 35
18 5 57 47 31 58 65 30 65 80 87 19 36 33 8 39 68 36 82 16 43 89 16 9 63 95
16 56 25 66 98 25 10 86 82 85 60 52 86 88 17 51 36 92 31 95 97 83 8 100 98 78
20 98 60 20 55 25 17 33 68 64 54 27 17 75 64 77 67 19 46 30 57 81 27 65 4 45
88 86 35 12 37 45 80 69 39 7 18 97 73 73 45 40 54 71 82 48 58 13 18 2 30 3
95 18 41 1 82 85 10 70 11 65 21 66 1 76 11 14 54 41 84 5 43 10 4 63 68 46
4 49 86 62 53 25 71 20 46 85 84 1 59 75 14 11 58 40 12 35 82 86 58 64 100 59
19 98 48 2 63 36 91 72 73 25 85 42 3 4 9 13 75 62 45 30 55 57 10 41 40 14
94 21 68 45 14 45 81 85 59 51 80 14 35 27 17 67 10 14 61 29 90 32 3 67 48 84
66 26 1 96 6 89 68 22 61 99 81 70 25 11 88 99 75 55 49 18 23 89 92 15 26 43
30 22 43 4 82 71 45 88 36 83 42 61 52 28 37 4 67 71 57 8 46 72 30 93 53 84
99 13 80 92 73 86 46 60 65 85 35 71 60 15 29 19 51 29 27 56 68 10 23 23 86 89
79 7 33 86 48 99 44 100 60 56 49 35 86 27 66 72 29 48 25 70 51 73 64 28 16 78
48 5 82 19 81 91 52 81 46 73 22 49 71 72 47 5 66 23 95 29 16 88 77 91 23 4
91 34 28 81 89 63 59 15 99 72 92 98 70 45 59 19 27 12 99 19 63 88 98 80 83 18
99 55 23 44 61 90 15 19 68 47 65 70 50 74 96 66 86 31 47 66 37 12 41 5 26 55
81 33 75 95 24 75 76 41 37 60 16 6 10 21 6 89 71 30 14 12 26 37 21 31 30 49
80 46 96 37 86 72 60 49 53 75 9 81 3 75 28 33 56 13 89 55 40 10 92 94 98 37
18 23 30 18 14 81 61 84 92 48 18 50 14 18 59 28 56 7 70 52 45 16 45 87 50 11
69 21 3 12 8 29 14 5 14 45 79 98 61 42 45 92 79 97 95 77 27 62 66 75 24 55
60 68 6 85 32 92 3 47 54 82 26 99 68 32 74 50 44 100 62 18 91 68 36 52 1 2
8 3 5 2 87 100 37 70 81 70 25 72 97 49 34 9 98 21 91 87 51 22 59 37 49 14
48 38 83 12 85 41 80 19 77 73 52 84 51 29 84 15 85 61 68 13 62 13 73 65 59 50
80 61 13 20 49 17 43 99 80 37 8 10 19 60 79 67 32 35 55 75 95 34 62 24 28 95
47 50 62 37 72 17 22 5 94 81 1 8 44 28 71 54 57 21 17 13 92 10 39 91 8 3
447882893
9 1
18 92 57 81 49 5 56 63 52 73 28 10 33 34 39 59 42 11 7 62 63 61 41 100 62 86
27 82 41 72 62 66 24 72 55 74 1 3 31 95 14 85 4 19 63 42 100 6 13 10 10 13
95 68 29 42 20 49 30 74 45 57 54 59 40 84 67 81 47 19 60 64 82 58 41 42 76 24
8 68 11 11 95 17 1 47 27 6 11 49 22 7 13 48 79 1 30 76 21 59 16 92 41 63
12 47 85 74 30 91 20 30 57 65 61 92 75 61 1 80 44 32 85 79 89 19 98 5 46 45
33 96 66 29 71 26 62 99 71 60 33 5 72 40 49 30 72 75 41 63 16 96 75 54 82 4
7 81 39 23 60 37 13 53 6 63 83 100 11 68 31 46 9 88 46 44 100 24 55 35 78 97
7 60 70 4 80 3 95 1 69 66 44 73 49 13 42 65 84 62 61 1 38 41 1 28 85 17
65 53 61 10 1 51 55 89 74 67 41 81 68 62 75 31 65 17 56 6 100 88 51 60 9 43
54 31 5 38 75 34 36 49 41 74 93 35 16 42 12 26 64 20 67 4 89 79 56 90 53 27
32 4 62 95 16 12 100 5 43 10 52 28 78 83 11 72 56 84 64 20 6 57 65 44 92 41
32 6 81 23 93 86 30 5 68 39 96 91 100 18 87 59 79 76 43 86 49 97 1 40 6 2
56 47 17 17 42 24 85 91 43 83 31 98 14 11 73 84 85 5 100 21 29 63 75 5 71 63
17 47 38 90 24 12 12 49 62 40 70 50 22 43 8 94 66 100 66 21 81 50 15 76 97 39
30 82 15 15 75 15 58 42 84 7 9 65 55 21 45 95 27 50 79 8 40 19 54 14 35 82
40 81 91 90 93 65 51 55 49 61 93 81 41 98 53 15 41 50 28 39 68 27 100 85 78 54
48 11 44 8 4 8 27 20 54 13 13 12 35 15 12 7 17 26 91 44 98 98 57 97 19 79
64 69 6 80 71 16 28 38 33 58 73 16 4 56 87 12 79 82 55 5 38 32 59 94 56 18
50 80 26 24 5 66 73 42 54 19 70 58 80 25 44 87 1 15 7 91 51 39 44 91 26 46
97 24 48 31 16 37 70 8 82 55 98 41 87 72 7 70 54 45 77 39 33 61 13 63 70 88
92 16 26 62 94 27 73 24 45 81 42 14 7 33 48 91 73 98 56 85 70 2 15 36 24 83
35 84 27 72 87 2 82 41 49 93 9 72 77 37 55 58 19 63 23 70 46 23 26 67 79 55
20 78 91 80 17 21 52 17 44 28 18 80 68 83 39 98 28 49 78 91 35 75 9 38 10 76
92 59 58 72 10 8 22 45 82 97 43 58 96 63 76 23 4 66 39 70 90 42 56 98 55 6
47 73 54 24 7 15 13 80 32 36 74 29 32 43 98 78 9 8 9 66 26 37 12 17 21 81
86 93 37 70 93 95 24 65 38 19 91 76 14 62 63 91 99 69 67 29 71 91 87 17 68 68
877944523
