10
90 675
2 30 5 4 1
7 28 5 4 0
11 27 5 2 0
14 61 2 2 0
15 58 2 1 0
16 75 2 2 0
17 90 4 2 1
18 79 3 1 0
22 3 5 2 1
23 58 4 4 1
25 3 1 4 1
25 80 1 1 0
27 27 4 4 1
27 10 4 4 0
28 80 5 1 0
29 71 5 3 1
29 14 3 4 1
30 49 5 4 0
30 45 4 1 0
31 45 5 4 0
34 27 4 2 0
36 55 3 1 0
38 76 2 3 1
40 21 2 1 1
41 75 3 5 1
42 82 2 2 0
42 25 5 5 0
46 33 5 2 1
48 16 3 4 0
49 28 2 3 1
50 38 3 4 0
52 52 5 4 1
52 57 5 1 1
53 9 3 3 0
55 43 5 2 1
55 59 2 3 1
55 12 1 5 1
56 20 2 2 1
58 34 4 5 0
59 50 1 2 0
60 20 5 1 0
63 35 4 1 0
64 71 1 5 1
65 69 2 2 0
66 71 2 1 0
66 3 2 2 0
67 54 2 3 1
69 6 1 2 0
70 2 2 2 1
71 64 3 4 0
71 51 1 3 0
73 71 3 2 1
73 49 3 1 0
74 76 3 3 0
75 38 1 3 0
75 84 3 4 0
75 88 2 4 1
76 64 4 5 1
77 8 3 5 1
77 15 1 1 1
78 22 5 3 1
84 46 4 5 1
84 3 1 1 0
85 58 3 5 1
85 16 5 3 1
89 50 1 4 1
90 14 5 1 1
92 68 1 5 0
93 41 4 5 0
93 77 5 5 0
98 9 3 1 1
101 28 4 3 0
101 38 5 4 1
103 45 5 5 1
103 54 1 2 1
103 1 2 1 1
106 5 2 1 1
109 65 1 4 0
109 5 5 5 0
115 51 2 4 1
116 70 1 5 0
116 80 5 2 1
116 87 2 1 0
117 43 4 5 0
118 25 5 4 0
118 38 4 4 0
119 30 3 3 0
119 28 1 4 1
122 18 2 4 1
123 16 1 4 0
127 55 1 3 1
130 75 1 1 1
134 62 2 1 0
135 2 4 5 0
139 15 4 2 1
139 29 5 4 0
139 66 3 5 1
139 49 3 3 1
142 7 1 4 0
145 51 2 4 1
145 51 5 3 0
150 31 4 3 1
151 67 4 5 1
158 57 5 5 1
159 63 2 1 1
161 42 3 4 0
162 28 5 1 0
162 17 4 2 1
163 31 4 2 1
164 57 1 5 1
166 68 4 3 0
166 38 2 4 1
167 60 2 1 0
168 43 2 3 1
168 70 5 4 0
168 11 4 5 0
168 23 4 2 1
168 41 3 1 0
171 27 1 5 1
174 44 2 3 0
175 55 5 2 1
176 13 4 1 1
177 72 4 3 1
178 40 3 1 1
182 20 4 2 0
183 25 2 2 1
183 87 1 3 1
183 11 3 5 0
184 5 5 2 1
187 54 3 3 0
187 27 5 4 1
187 33 4 1 1
188 4 3 4 0
193 30 3 3 0
197 65 5 4 0
198 28 3 1 0
198 64 2 3 0
198 56 4 5 1
200 85 4 1 1
200 73 5 3 1
200 20 2 4 1
200 82 4 2 1
202 54 3 1 0
205 45 1 5 1
208 78 3 1 1
209 15 2 3 1
215 40 3 2 1
216 18 3 1 0
216 78 5 2 0
218 50 2 1 0
224 21 1 3 0
225 59 5 5 0
229 29 4 1 0
231 45 5 4 1
231 87 1 5 1
234 90 5 4 0
235 4 3 4 1
235 15 4 4 0
237 16 5 2 1
243 16 2 5 0
245 26 1 3 1
247 26 5 2 0
247 77 2 3 0
247 53 4 3 1
247 51 4 1 1
248 27 1 3 1
256 49 2 4 0
261 34 3 4 1
263 62 1 2 1
264 88 3 4 1
265 83 4 5 1
266 1 5 5 1
266 27 3 5 1
266 11 2 3 1
267 87 1 3 1
269 77 4 5 0
271 43 4 3 1
274 32 4 2 0
279 80 5 1 0
284 34 1 4 0
285 51 3 1 0
285 80 4 5 0
286 9 1 4 0
287 32 3 3 0
289 37 1 5 1
295 65 3 5 1
300 27 2 3 1
300 61 1 4 0
302 68 2 5 0
303 6 4 1 0
305 88 1 5 1
307 53 5 1 1
307 31 4 5 0
309 56 1 2 1
311 42 1 1 1
311 75 1 1 1
313 32 1 1 0
313 68 1 5 1
314 62 5 1 1
314 59 5 1 0
315 28 1 3 1
316 11 2 3 0
317 6 2 4 1
319 65 2 4 0
321 79 4 1 0
321 82 3 4 1
325 32 5 5 1
326 34 2 3 1
327 55 2 3 0
327 49 4 2 0
329 18 2 5 0
332 8 5 5 1
334 14 5 2 0
334 73 1 4 0
335 82 3 4 0
338 75 4 5 0
339 56 2 3 0
345 25 4 1 1
350 48 1 4 1
353 30 3 5 0
354 15 3 4 1
354 14 1 4 0
354 48 2 3 0
356 75 1 1 1
360 85 2 1 0
362 61 1 5 0
365 7 5 1 0
369 17 1 2 1
370 57 1 4 1
371 69 1 4 0
371 8 3 5 0
371 5 5 2 0
373 88 2 1 0
374 60 1 3 0
377 12 4 4 0
379 61 3 4 1
379 42 2 3 0
381 70 5 1 0
384 88 4 4 1
385 4 2 5 0
386 80 2 2 0
390 40 3 2 0
391 12 3 3 1
391 65 3 1 0
392 6 3 2 0
392 54 5 1 0
392 7 1 5 1
396 17 2 2 0
398 79 2 5 0
398 79 2 4 0
399 29 2 3 0
400 68 1 3 0
401 78 3 1 0
402 80 5 2 1
402 6 1 1 0
404 69 3 5 1
404 66 3 1 1
406 81 4 1 1
407 5 3 4 0
409 74 1 5 0
413 82 3 3 1
415 67 5 1 0
417 18 5 1 1
417 20 5 2 0
420 65 4 4 0
424 75 4 5 1
427 3 4 5 0
429 86 3 4 0
430 89 1 3 1
430 63 4 4 0
431 53 2 5 0
435 52 1 5 0
436 52 5 5 0
436 57 5 2 0
436 31 3 3 0
436 33 5 3 0
438 62 4 4 0
440 12 3 3 1
447 76 4 2 0
447 21 1 5 1
447 27 1 5 0
447 6 4 3 1
448 47 4 2 0
448 90 3 2 0
454 23 2 2 0
457 10 3 4 0
457 40 1 4 0
460 65 5 3 1
460 78 4 3 0
464 76 2 2 0
466 67 1 5 0
467 52 3 5 0
467 1 2 5 0
468 60 2 3 0
469 17 1 4 0
469 21 4 3 1
472 32 2 5 1
472 81 2 1 1
475 64 4 5 1
476 50 4 2 1
477 74 1 1 1
480 8 4 4 1
483 25 3 5 0
485 38 1 4 1
485 22 1 4 1
485 25 3 4 0
486 79 4 1 1
487 15 3 4 1
489 65 1 5 0
489 52 4 3 1
490 42 3 2 1
492 77 2 5 1
492 15 5 2 0
493 79 4 2 0
494 82 2 1 1
494 29 1 4 1
500 2 2 3 1
500 84 5 3 0
504 8 4 5 1
504 33 5 3 1
505 22 2 4 1
505 8 3 2 0
508 59 1 1 1
511 21 2 5 0
512 26 5 1 1
513 37 4 5 1
514 52 4 4 0
515 76 2 4 1
519 70 3 2 1
519 50 5 4 0
520 2 2 5 1
523 59 2 5 1
523 52 2 3 0
524 79 5 5 1
524 36 2 4 0
525 33 4 4 1
526 69 1 1 0
527 29 3 3 0
528 35 5 3 1
528 53 1 2 1
530 11 5 3 0
532 22 5 3 1
533 47 1 4 1
537 46 5 3 0
538 56 3 5 1
540 36 2 2 1
541 77 3 5 1
542 84 4 2 1
543 7 2 3 1
543 77 3 2 1
544 20 4 2 1
545 29 3 3 0
548 87 2 5 0
549 77 3 3 0
550 41 1 5 0
553 4 2 4 0
554 83 2 3 0
562 13 4 1 0
562 32 3 2 1
562 68 3 5 1
563 43 2 4 0
564 75 4 5 1
565 7 5 3 1
567 81 2 1 1
569 22 2 4 0
570 60 1 1 0
574 42 5 1 1
576 59 2 3 0
578 72 2 5 0
579 19 1 2 1
580 45 2 5 1
580 55 3 3 0
580 73 1 1 0
581 24 4 4 0
581 25 5 5 1
582 9 5 1 0
582 21 4 2 0
584 4 3 1 1
585 42 1 2 1
586 32 5 3 0
586 76 5 1 0
587 81 5 5 1
587 14 3 5 0
589 24 5 3 0
591 85 2 4 0
591 48 3 3 0
592 50 2 1 1
596 35 4 1 0
598 24 2 3 1
598 5 5 4 1
601 56 1 3 1
601 23 1 4 0
605 10 3 5 0
606 50 4 5 1
612 73 1 1 1
613 4 5 5 0
614 32 4 4 0
617 50 3 5 1
619 34 1 5 1
620 21 2 5 1
621 9 1 5 0
623 57 4 4 0
624 56 1 3 1
626 21 5 1 1
626 54 2 3 1
630 78 2 1 0
631 6 5 2 1
632 45 4 5 0
632 74 3 5 0
633 23 2 5 1
636 30 1 3 1
638 80 5 5 1
639 42 4 4 0
639 72 4 4 1
641 42 2 3 0
642 25 4 3 0
643 89 1 5 0
646 32 1 2 0
647 8 2 2 1
647 19 1 5 1
650 68 3 3 1
650 14 4 3 0
652 13 5 1 0
653 90 3 3 0
654 37 1 1 0
655 2 2 1 1
656 51 4 3 0
659 80 1 5 1
660 18 4 2 1
660 90 4 5 0
661 21 4 3 0
662 15 1 3 1
662 11 1 2 1
663 76 2 1 0
665 53 2 1 0
666 17 2 1 1
667 47 3 1 0
668 81 2 5 1
670 65 4 2 0
672 67 3 5 1
672 31 3 4 1
674 54 5 1 0
674 87 4 2 1
676 6 1 5 1
676 27 1 3 1
676 57 3 5 1
677 13 1 5 1
678 51 5 3 0
688 72 2 1 1
690 25 2 3 1
690 42 3 3 0
691 81 5 5 1
692 57 4 4 0
692 69 5 3 1
693 45 5 1 0
697 50 1 5 1
698 28 3 5 1
701 50 4 1 0
701 89 2 3 0
704 6 3 3 0
704 38 1 3 1
706 88 1 2 0
706 47 3 1 0
707 41 4 5 1
708 71 3 2 0
709 47 3 2 0
709 70 4 1 1
710 18 2 3 1
711 82 1 5 0
716 58 4 4 0
718 10 2 2 0
718 77 2 4 1
718 49 5 3 0
718 63 5 2 0
721 58 5 1 1
728 86 2 3 1
729 3 1 3 1
730 66 5 2 1
732 55 2 4 1
734 43 1 1 0
734 27 4 4 0
735 82 5 5 1
735 46 2 2 0
736 35 5 4 1
738 26 3 5 0
738 18 2 5 0
739 83 4 2 1
741 62 5 1 0
746 84 3 3 0
746 72 4 2 0
746 39 1 2 0
746 19 5 1 1
746 87 1 3 1
749 33 1 1 1
750 3 5 4 0
750 20 3 3 1
752 88 4 3 1
752 56 4 3 0
753 48 1 4 1
758 7 4 3 1
759 55 3 4 1
759 26 4 1 0
760 17 2 3 0
763 40 3 1 0
764 65 3 4 1
769 18 5 3 0
773 70 4 1 1
774 55 1 4 0
774 87 4 5 0
774 23 5 1 1
777 32 1 3 0
777 23 2 2 0
778 12 1 5 1
778 4 2 2 0
779 44 2 4 0
780 54 5 3 0
782 70 2 2 1
782 46 4 4 1
783 17 5 3 1
784 19 2 2 1
786 72 2 4 1
787 33 2 2 0
787 59 4 1 1
789 53 5 3 0
789 58 3 3 1
792 85 2 4 1
795 37 3 2 1
796 19 5 5 1
797 18 2 5 0
799 27 4 5 0
799 84 3 4 0
800 84 4 2 0
801 71 5 3 1
803 28 4 2 0
803 11 4 3 1
804 44 1 4 1
804 84 4 2 1
805 62 2 4 0
805 66 5 3 1
805 1 3 1 0
805 65 1 4 1
809 88 1 1 0
810 37 5 3 1
811 36 2 4 0
813 47 5 5 1
813 34 1 3 1
814 23 5 5 0
814 64 5 3 0
814 78 1 4 0
814 61 2 5 1
816 35 3 1 1
817 84 3 5 1
818 53 2 3 1
820 42 1 4 0
822 20 4 3 1
823 36 4 3 0
825 12 3 2 0
827 54 5 3 1
829 87 5 3 0
829 5 1 2 0
832 26 1 4 0
833 8 3 5 0
833 5 2 4 0
834 61 2 1 0
837 85 4 1 0
837 59 3 5 1
839 41 1 1 0
842 19 4 3 1
843 36 4 2 1
844 10 1 3 1
845 26 3 2 0
852 5 1 1 0
853 64 2 2 0
854 26 4 1 0
858 58 4 3 1
858 27 4 4 1
860 67 1 1 0
860 40 2 5 0
860 44 4 3 0
862 51 2 3 0
864 2 5 3 0
865 15 1 2 1
866 30 1 2 1
866 33 1 4 0
868 15 3 1 0
869 5 5 4 0
870 68 5 2 0
870 62 3 2 1
871 85 1 2 1
873 43 5 5 1
875 66 3 1 0
877 11 5 5 1
880 9 4 2 1
882 13 4 2 1
882 59 4 5 1
887 44 5 1 1
888 24 5 4 0
890 62 2 3 1
891 15 2 3 1
893 81 4 3 0
894 49 1 4 0
894 19 4 3 1
897 62 3 3 0
899 66 1 3 0
900 68 1 3 1
901 70 5 1 1
903 57 4 3 1
906 25 5 1 0
909 4 4 5 1
909 5 5 3 0
910 23 3 5 1
910 64 5 2 1
912 29 5 4 0
913 21 5 4 1
914 45 2 1 1
916 65 5 5 1
916 32 3 4 1
917 2 2 2 0
918 89 3 4 0
922 25 1 4 0
922 49 4 2 1
924 21 4 5 0
925 72 4 5 0
929 67 1 5 0
931 53 4 3 0
936 11 1 4 0
937 79 4 2 1
938 48 1 4 0
939 6 5 4 0
942 24 4 3 1
942 78 5 3 1
944 48 1 5 1
945 75 1 5 1
945 24 3 5 0
945 20 2 3 0
946 65 3 4 1
949 75 1 1 0
949 67 5 2 0
953 30 2 4 1
954 87 2 1 0
958 33 2 4 0
958 82 3 1 1
960 27 4 1 1
960 72 3 2 1
961 85 4 3 0
961 51 4 2 1
966 90 4 5 0
969 41 1 3 0
969 22 2 5 0
970 76 4 3 0
970 70 5 3 1
974 16 2 5 0
974 88 5 2 1
975 76 5 1 0
975 30 2 5 1
976 24 3 2 0
977 36 1 4 0
978 4 1 5 0
979 35 5 3 1
980 30 5 3 1
980 25 3 3 0
984 30 3 3 0
985 70 3 2 1
985 61 2 3 0
987 16 4 5 1
988 23 2 2 0
988 81 1 5 0
990 81 2 1 1
990 76 1 3 1
991 23 5 2 1
991 37 2 3 0
993 38 5 4 0
994 61 3 5 1
996 21 5 3 1
997 52 4 2 1
62 501
3 14 3 3 0
3 8 1 5 0
4 61 4 2 1
9 57 1 5 0
13 25 3 1 0
14 24 1 1 1
15 15 4 2 1
16 17 3 2 0
17 48 2 5 0
20 32 4 2 1
24 38 3 2 1
26 52 1 2 0
28 39 4 3 0
28 18 5 3 1
34 48 5 2 1
41 2 5 3 0
42 43 1 1 0
42 4 3 1 1
45 51 2 5 0
47 12 5 2 0
48 13 5 2 1
48 57 1 3 0
49 53 4 2 1
50 5 2 5 0
51 23 3 3 1
56 61 5 1 1
56 16 3 3 0
58 29 1 1 0
59 36 4 4 1
60 47 4 4 1
61 35 3 2 1
62 17 5 1 0
63 5 1 5 0
66 18 3 1 1
66 4 4 3 0
68 2 4 1 0
71 1 3 4 1
74 12 3 5 0
77 1 4 4 1
79 13 1 3 1
80 33 3 5 0
84 6 2 5 0
85 14 2 5 0
88 6 4 2 1
88 1 1 5 0
89 15 1 4 0
89 17 5 5 1
89 38 5 3 1
89 36 3 4 0
89 9 1 2 0
91 51 3 2 1
91 34 4 1 0
91 45 3 4 1
93 27 2 2 0
95 59 2 1 0
98 51 5 1 0
99 51 5 2 0
101 24 1 1 0
102 2 5 4 1
103 10 5 5 0
108 22 5 5 0
112 40 5 5 0
112 44 1 4 0
115 26 3 3 1
115 29 3 3 0
119 28 2 2 0
120 34 3 1 1
122 46 4 3 1
123 21 2 1 1
124 38 5 1 0
127 15 1 5 0
127 16 1 3 0
128 20 3 1 0
129 17 1 1 0
130 36 3 1 0
131 12 4 3 0
132 57 3 5 0
137 33 1 1 1
138 3 2 5 1
138 47 3 1 0
141 15 2 4 1
142 18 5 1 1
142 62 3 1 1
143 4 4 5 1
143 56 4 3 0
146 30 5 3 1
147 5 5 3 1
147 51 3 2 0
147 57 5 5 0
148 23 5 3 0
149 12 2 5 0
153 23 1 3 1
154 21 2 1 0
155 29 1 4 1
156 37 4 3 1
157 3 3 3 1
157 4 1 1 0
161 29 4 4 0
167 32 5 5 1
168 39 5 3 0
170 7 4 5 1
175 12 5 2 1
175 22 3 2 1
175 4 1 2 0
176 3 1 3 1
177 15 2 3 1
180 23 5 3 1
180 57 3 3 1
181 39 2 4 1
183 52 1 3 1
187 10 5 3 1
187 15 3 4 1
189 21 1 1 0
189 7 1 2 1
191 57 4 2 0
192 19 2 2 1
194 34 3 3 1
198 47 2 2 0
204 40 4 3 1
205 17 3 5 1
207 30 2 4 0
211 2 1 2 0
214 39 4 5 0
216 13 5 4 0
219 45 2 4 0
221 27 3 2 0
222 30 3 5 0
224 51 4 5 0
225 14 2 1 0
226 12 2 4 0
227 17 5 4 1
231 58 2 1 0
232 17 4 3 0
234 13 4 3 1
234 4 3 1 0
240 46 5 4 1
244 26 4 1 0
245 62 3 5 0
248 31 4 2 1
249 48 2 5 0
251 15 3 3 1
255 54 1 2 1
258 25 5 2 1
263 16 1 5 0
265 41 4 5 0
270 38 1 4 1
275 58 1 1 1
275 57 5 3 1
275 8 2 4 0
278 53 2 5 1
279 16 4 5 0
279 31 1 3 1
282 52 3 1 1
283 54 3 1 1
287 49 1 5 1
290 45 4 4 1
293 55 3 5 0
294 53 5 5 0
295 54 3 3 1
295 61 4 5 0
297 17 4 5 1
299 46 5 3 0
304 2 2 2 0
305 49 4 3 1
306 24 1 3 0
306 10 1 1 1
306 31 2 5 1
307 62 2 3 0
307 29 3 5 1
309 8 1 3 0
312 62 3 2 1
314 21 3 3 1
317 43 1 1 1
317 21 5 5 0
319 8 2 3 0
321 23 4 4 1
322 20 1 5 0
332 51 1 2 0
332 15 5 4 0
334 27 3 4 1
334 6 2 2 0
334 2 2 2 0
335 24 3 3 0
339 24 5 2 1
342 49 1 3 1
342 35 1 2 0
344 28 2 3 0
348 48 1 2 0
349 27 5 2 1
354 25 1 2 1
355 19 5 2 1
355 46 5 4 1
359 33 4 1 1
359 11 4 5 1
360 36 3 4 1
361 26 3 3 1
366 40 1 1 1
368 1 1 4 0
371 32 2 1 0
377 20 4 2 1
379 17 4 2 1
381 14 1 4 0
382 1 2 2 1
386 20 3 2 0
387 59 5 5 0
390 12 3 5 0
394 13 5 4 1
395 9 3 5 1
396 33 2 4 0
399 33 4 1 1
400 59 1 4 0
410 58 4 1 0
410 35 3 4 0
415 48 1 2 1
416 17 2 4 0
420 31 5 1 0
423 40 3 1 0
428 29 1 3 1
430 61 5 2 1
435 33 3 2 1
436 48 1 5 0
441 30 5 2 0
441 28 2 3 0
444 13 2 5 1
445 50 2 2 1
446 24 2 5 1
447 58 3 2 1
449 4 5 2 0
453 58 5 2 0
456 17 1 4 1
456 36 4 5 1
457 6 1 1 0
457 33 4 2 0
459 51 5 2 1
459 33 1 2 1
459 1 3 5 1
468 12 2 2 1
476 55 4 3 1
476 20 4 5 1
477 15 3 3 0
478 19 3 2 0
481 47 2 1 0
484 24 5 1 0
484 8 4 4 0
486 21 4 5 1
488 55 5 3 1
489 39 3 3 0
494 60 2 2 1
497 41 2 3 1
499 3 1 1 1
500 57 4 5 0
502 35 5 3 0
507 5 4 5 0
510 57 2 3 1
510 54 1 1 0
515 6 5 5 1
521 11 3 4 0
523 11 3 4 1
524 46 3 1 1
527 53 3 1 1
529 11 3 3 0
529 4 5 4 1
529 30 5 1 0
531 16 2 3 1
534 51 2 4 1
535 52 1 4 0
535 6 2 4 1
536 52 2 2 0
536 12 2 1 0
537 25 2 3 1
538 45 1 1 0
538 37 4 1 1
538 1 4 2 1
541 48 4 5 0
542 17 4 2 1
544 17 5 3 1
545 23 4 4 0
547 47 1 4 1
548 46 2 5 1
549 45 4 3 1
551 14 2 4 0
561 14 2 2 1
563 18 5 3 0
563 39 3 2 1
563 4 2 5 0
567 19 5 2 1
567 22 3 4 0
567 55 3 3 1
570 60 1 5 0
570 7 5 5 0
570 55 1 3 0
573 9 1 5 0
575 3 3 1 0
580 21 5 2 0
583 60 3 4 1
588 59 2 5 0
588 38 5 3 0
593 58 3 4 1
597 50 1 2 0
598 10 2 5 1
601 45 4 2 0
606 58 5 2 0
609 61 3 3 0
612 39 3 3 1
613 7 5 2 1
620 39 2 3 0
621 16 5 2 1
623 40 3 3 0
623 20 5 2 0
627 37 4 3 1
627 31 2 1 0
627 40 5 2 0
630 50 4 1 0
630 32 5 1 1
631 33 1 1 0
634 50 4 3 0
634 11 5 5 1
638 49 3 2 1
639 19 1 2 1
639 1 1 5 0
641 38 2 2 0
642 13 5 3 0
643 39 1 4 1
644 19 2 3 0
644 17 2 4 0
647 9 3 4 1
649 34 3 3 0
650 48 2 3 1
650 5 3 5 0
654 23 3 2 1
655 37 2 1 0
662 36 5 2 0
664 23 5 1 1
675 43 5 5 0
677 10 3 3 0
679 59 3 1 1
679 59 1 4 0
679 2 4 3 0
680 27 2 4 1
681 26 1 4 1
684 43 2 4 0
686 17 4 4 1
693 32 2 1 0
693 38 4 1 1
695 58 5 4 1
696 17 2 2 1
698 31 3 2 1
705 15 3 5 0
710 21 1 4 0
712 28 4 4 1
714 4 4 4 0
717 31 5 3 0
727 3 1 2 0
729 42 3 3 1
729 41 2 4 1
729 20 5 3 0
730 13 1 2 1
731 54 1 4 1
738 45 4 2 0
746 15 3 3 0
750 28 4 2 0
753 20 3 4 0
755 62 4 3 1
756 20 5 3 1
759 61 4 1 0
760 37 5 2 1
766 6 1 3 0
767 42 4 4 1
769 49 3 5 1
770 35 4 4 0
771 18 3 2 1
773 44 5 4 1
775 30 4 5 0
780 43 3 1 0
782 46 3 2 1
783 9 1 5 1
785 31 2 2 0
786 46 5 3 1
792 9 3 3 1
793 52 1 5 0
796 16 2 1 1
797 58 2 2 1
797 60 1 5 1
798 16 4 3 1
801 44 2 5 1
804 54 1 3 0
804 33 4 3 0
808 51 3 3 0
811 56 1 2 0
811 4 3 2 1
814 58 4 5 1
818 22 3 3 1
819 60 3 1 0
820 16 5 5 0
821 48 3 5 1
821 14 4 3 0
823 11 2 3 1
825 8 1 5 1
825 40 1 3 1
826 23 3 4 0
828 17 2 2 0
830 20 1 3 1
831 9 4 3 0
833 36 2 3 1
833 2 2 3 1
835 46 1 1 1
841 4 1 3 1
842 40 3 4 1
843 50 3 5 1
845 41 3 4 1
852 56 5 5 1
855 33 4 3 1
858 6 3 3 1
860 25 1 4 1
860 58 2 1 0
863 29 1 2 1
863 54 5 2 1
863 38 2 3 0
863 2 4 1 1
865 5 2 3 1
865 61 1 4 1
865 58 3 4 0
866 11 4 3 1
868 20 1 2 0
868 40 3 1 1
868 41 1 2 0
868 54 2 4 1
870 43 4 1 0
871 18 4 2 1
873 59 1 1 0
878 7 3 1 1
878 13 4 3 0
878 6 2 2 0
879 1 5 1 1
880 9 4 4 1
886 61 5 5 0
887 41 3 2 0
888 8 1 2 0
888 10 4 3 1
890 50 1 4 0
892 48 4 2 1
900 20 2 4 1
900 6 1 2 0
900 44 2 1 0
900 60 2 1 1
901 32 1 4 1
903 43 5 3 1
905 39 2 5 0
907 54 4 2 0
908 21 5 1 1
913 42 1 4 0
917 57 3 2 0
918 16 5 4 0
918 55 5 1 0
919 62 5 3 1
920 62 1 1 1
920 47 2 4 1
921 26 3 3 1
921 20 5 3 0
922 7 4 1 0
923 61 2 3 1
926 57 1 5 0
927 56 5 1 1
928 55 4 5 0
929 13 1 4 1
932 8 5 5 1
934 46 1 3 1
935 24 2 5 1
936 40 4 3 1
936 2 2 3 0
940 15 5 2 0
940 20 1 4 1
942 5 5 1 1
943 27 1 5 1
946 17 3 1 1
950 57 5 5 1
952 61 4 4 0
953 17 2 2 0
956 4 2 3 1
956 42 2 5 1
957 42 1 5 0
958 53 5 1 1
962 46 2 5 0
963 4 5 4 1
965 20 2 5 0
966 36 5 3 0
968 22 3 5 0
976 2 2 2 1
976 31 3 1 0
978 7 3 4 0
987 19 2 2 0
987 41 4 3 0
987 46 2 2 0
990 14 2 1 0
992 36 5 3 0
992 21 3 4 1
993 14 4 5 0
993 49 4 5 1
993 62 5 4 0
993 54 1 2 0
995 37 3 3 1
52 509
5 36 5 2 0
8 24 2 1 1
12 52 2 5 1
13 16 1 2 1
15 14 4 4 0
17 45 2 2 1
17 38 4 2 1
25 19 3 2 0
27 37 1 5 1
27 43 2 1 0
32 7 4 5 0
32 27 5 4 1
36 44 2 4 0
39 39 4 3 0
41 50 4 4 0
41 14 5 3 1
43 25 5 4 1
48 21 5 4 0
49 7 4 3 1
55 17 1 5 1
57 9 3 3 0
59 52 1 4 1
59 2 4 1 1
62 4 5 5 1
65 48 3 3 1
67 51 2 1 0
69 36 4 3 1
71 17 5 1 1
79 36 5 3 0
80 16 2 3 0
84 40 5 1 1
85 11 1 5 0
85 30 5 1 1
98 31 1 2 0
99 16 2 3 0
100 52 3 5 1
100 18 2 4 1
102 38 1 5 0
102 5 5 2 1
107 16 2 4 1
108 37 2 1 0
111 9 5 3 1
112 9 4 5 1
113 28 3 2 0
114 20 2 5 1
114 3 5 2 1
115 31 1 5 1
116 2 5 4 0
118 4 4 2 1
119 29 3 4 0
119 46 2 3 0
123 45 3 2 1
123 37 3 1 0
126 8 1 5 0
130 36 4 1 1
133 36 3 2 1
133 28 3 3 0
135 24 4 5 1
137 36 1 3 1
140 21 2 1 0
142 16 5 5 0
142 39 1 2 0
148 20 5 4 1
149 2 3 5 1
155 25 2 4 0
156 40 5 1 0
157 1 4 2 0
159 4 4 1 0
162 41 1 3 0
162 39 3 1 1
163 13 5 3 1
167 13 4 2 1
170 32 1 2 1
170 49 1 4 1
171 36 2 3 0
176 10 3 1 1
176 29 2 5 1
177 10 1 4 1
177 22 1 2 0
178 4 2 3 0
180 43 3 5 1
180 36 1 3 0
182 35 4 3 1
182 19 4 1 1
184 39 3 4 0
186 10 1 2 0
188 42 1 1 0
190 21 5 5 1
192 50 2 2 0
192 50 3 3 1
194 37 2 4 0
195 12 2 1 0
198 51 1 3 1
199 23 3 3 0
204 8 2 5 1
204 50 1 4 0
205 52 3 4 0
206 29 1 5 1
209 45 2 4 1
211 22 1 1 1
213 3 1 3 0
216 5 5 5 0
219 12 5 3 0
220 23 4 3 0
220 35 1 1 1
220 40 2 5 0
228 7 1 1 0
228 30 5 2 1
230 52 5 2 1
231 47 2 1 1
231 40 1 1 1
232 25 1 5 0
237 9 3 2 1
237 51 2 3 1
240 43 5 5 1
241 46 1 1 0
241 28 4 1 0
248 41 3 5 0
249 8 3 4 1
252 17 5 5 1
252 25 4 1 0
253 5 1 2 0
253 3 1 3 0
255 6 1 5 0
257 11 3 2 1
258 18 4 2 0
261 44 3 3 1
261 14 4 1 1
264 29 1 4 0
267 42 3 4 0
269 20 2 2 1
273 4 2 5 0
274 17 3 3 1
279 32 4 2 1
279 6 1 2 1
279 41 5 1 0
281 1 4 1 0
281 37 4 3 0
286 14 4 2 1
287 19 5 5 1
288 51 5 4 0
294 40 1 3 0
294 14 2 4 1
295 14 1 3 0
296 33 3 3 1
298 33 4 3 1
298 50 4 3 1
299 14 1 1 0
300 52 1 5 1
301 34 2 1 0
303 3 1 5 0
303 40 3 3 0
314 19 1 5 0
315 16 1 2 1
318 44 5 1 0
319 20 4 4 1
320 30 3 5 0
320 40 2 4 0
321 42 4 1 0
321 40 3 5 0
322 19 3 4 0
322 27 4 5 0
322 14 2 2 0
326 33 1 2 1
326 32 3 5 1
327 8 5 3 1
328 36 5 4 1
329 36 4 5 1
329 46 1 2 0
330 25 3 1 1
332 24 4 5 1
337 22 2 3 0
337 1 3 4 1
342 35 5 3 0
344 36 4 5 1
344 49 2 3 0
345 3 5 2 0
346 25 3 2 1
348 24 3 1 0
349 39 5 1 1
351 34 2 4 0
353 31 1 1 1
354 43 1 3 1
360 14 5 3 1
362 13 5 5 0
363 36 2 2 0
363 31 1 1 1
364 19 5 1 1
365 25 1 4 0
366 33 3 1 1
368 4 4 3 1
369 8 2 3 0
371 7 2 1 1
371 50 3 5 1
373 21 2 1 0
373 16 4 4 1
375 17 3 2 0
376 50 3 4 1
376 8 1 3 1
377 27 5 3 0
379 16 1 4 0
379 9 4 5 0
383 29 2 2 1
385 44 1 4 1
385 49 4 5 0
385 18 3 4 0
387 18 4 3 0
389 40 5 4 0
392 47 3 3 0
394 26 2 1 0
394 38 1 4 0
394 29 4 3 0
400 47 5 1 0
400 48 3 3 1
402 30 3 2 1
406 6 5 5 1
406 35 5 3 1
407 13 4 3 1
419 36 5 3 0
420 44 1 1 1
422 48 2 1 0
426 16 4 2 1
428 2 4 3 0
433 51 2 3 0
439 48 5 4 1
447 4 3 1 1
450 11 4 5 0
450 36 2 5 0
451 45 1 2 1
452 30 3 4 0
452 12 3 2 1
457 27 2 4 0
461 20 2 4 1
462 8 3 3 0
463 24 5 4 1
463 16 5 5 0
465 43 5 3 1
468 5 5 1 1
468 13 2 5 1
470 36 4 3 0
471 31 1 1 0
473 23 1 4 0
477 50 2 1 1
479 29 3 4 1
479 16 3 2 0
479 37 1 1 0
480 25 2 1 1
485 12 4 5 1
487 22 3 5 1
490 26 3 3 1
491 9 2 2 1
494 11 4 4 0
494 45 1 3 1
495 2 5 2 1
501 42 2 5 1
502 50 1 5 1
503 27 2 2 1
509 15 1 5 1
509 35 2 4 0
509 32 3 3 1
509 51 5 4 0
516 23 3 4 0
516 39 1 4 1
517 13 3 4 1
518 19 2 1 1
519 35 4 5 0
520 2 1 2 1
527 12 4 2 1
528 9 5 1 0
532 31 2 2 0
534 39 5 4 0
537 52 3 2 0
537 17 4 2 0
538 5 2 1 1
540 9 4 1 1
546 37 4 2 1
547 39 2 2 0
547 41 4 4 1
548 41 1 1 0
552 42 4 2 1
552 32 4 2 1
559 5 2 3 0
559 49 3 1 0
563 19 4 3 1
564 15 5 2 1
567 26 4 3 0
568 6 3 2 1
570 4 4 2 0
572 49 3 5 0
578 41 2 2 1
579 34 2 2 1
584 16 2 1 1
587 42 4 2 1
592 52 4 4 0
594 46 3 4 0
595 41 5 3 0
598 27 1 1 1
598 31 2 4 0
598 9 1 4 1
600 20 5 1 1
603 22 1 3 1
604 51 2 5 1
608 26 2 3 1
610 39 2 5 1
610 35 1 3 1
612 37 5 3 1
619 16 4 3 1
619 36 5 4 0
620 20 4 3 0
623 15 4 2 0
624 31 1 5 1
627 40 4 1 0
629 11 4 5 0
631 14 3 5 1
631 39 1 5 1
635 48 2 5 0
636 8 4 1 1
639 18 2 5 0
642 46 2 3 0
644 34 2 1 0
645 1 3 4 1
646 13 3 5 0
647 9 5 4 1
649 7 4 5 0
650 8 1 3 0
651 38 1 5 1
653 1 1 3 0
653 5 3 3 1
654 14 5 4 0
656 50 1 4 1
656 6 1 3 0
657 37 3 5 0
661 14 5 4 0
661 14 5 5 0
661 49 3 5 0
662 15 5 5 1
667 43 5 1 0
671 25 1 1 0
674 33 1 1 0
675 48 1 4 0
675 1 4 5 0
681 50 1 1 0
681 39 2 1 1
683 49 4 2 0
685 3 2 4 0
688 34 1 3 0
691 45 5 2 1
691 12 2 4 0
693 3 1 3 1
697 25 4 1 1
698 27 1 1 1
700 19 5 5 1
704 16 3 2 0
705 37 4 3 1
707 28 3 5 1
709 38 5 2 1
709 42 5 2 1
709 52 3 5 1
711 11 2 2 1
720 14 5 5 0
720 21 1 4 0
722 23 3 2 1
722 50 4 2 0
723 29 3 1 1
723 26 2 3 1
725 22 2 4 1
727 35 5 1 0
728 21 3 3 1
734 7 1 3 0
735 39 4 5 0
735 25 2 1 1
739 11 2 2 1
740 35 3 5 1
741 28 4 4 1
742 33 5 1 1
748 42 1 5 1
749 24 3 2 1
751 10 4 5 1
754 17 2 4 0
755 16 5 5 0
757 5 2 3 0
760 14 2 2 1
760 14 5 4 1
762 20 5 5 1
762 23 2 1 1
762 51 5 3 0
764 4 2 4 1
766 26 5 2 1
766 43 4 2 1
767 18 2 4 1
768 42 4 3 0
771 10 3 4 0
772 14 3 1 0
772 5 2 3 1
773 35 3 2 0
774 9 1 4 0
775 5 1 2 1
779 40 3 2 0
780 38 1 1 0
787 3 2 3 1
793 1 1 4 0
794 38 3 1 0
798 24 5 2 0
799 49 5 3 1
801 15 4 2 0
804 9 4 3 1
809 2 3 5 1
811 50 4 5 0
811 5 3 2 1
812 4 1 3 0
814 37 2 4 1
819 1 3 1 0
820 39 4 5 0
822 51 1 4 1
822 32 1 4 0
824 16 5 4 1
825 48 2 4 1
827 3 5 5 0
828 14 4 5 0
829 27 1 4 1
835 14 2 1 1
835 21 3 4 1
836 41 2 5 0
841 25 2 1 0
841 11 1 4 1
845 25 5 4 1
845 1 2 5 1
846 34 3 5 0
848 38 4 4 0
849 17 4 2 0
849 26 1 3 1
850 50 4 1 0
851 11 1 2 1
852 21 2 5 0
852 25 2 4 1
854 46 2 5 0
854 35 1 2 0
860 25 5 3 0
861 26 4 1 1
862 33 3 3 0
863 21 3 5 0
866 48 1 4 0
866 37 1 5 1
870 4 4 2 1
871 12 2 5 1
872 35 4 1 1
872 14 1 3 1
874 15 2 3 1
879 18 2 3 0
882 4 3 4 0
882 41 4 5 1
892 14 4 5 0
893 37 1 3 1
896 6 5 2 0
898 31 4 3 1
901 34 5 4 0
903 5 3 2 0
906 25 2 5 1
911 16 5 3 1
914 6 1 1 1
919 52 5 5 0
919 24 5 5 1
925 49 4 2 1
927 52 1 4 0
927 30 5 4 1
927 16 5 2 1
928 50 4 1 0
932 33 4 5 0
935 29 1 3 0
944 21 1 2 0
944 44 1 3 1
948 24 5 5 0
952 43 4 3 1
953 34 3 3 0
954 40 2 5 1
955 33 3 2 0
958 24 5 1 1
959 30 5 1 1
959 39 5 5 1
960 50 2 1 1
960 52 3 1 0
960 31 5 1 0
960 38 4 4 1
962 46 4 2 0
962 27 2 2 0
965 29 4 3 0
970 34 4 5 0
970 6 3 3 1
972 48 1 2 0
972 18 1 1 0
973 27 3 2 1
974 43 4 1 0
974 49 2 2 1
975 52 5 2 1
975 18 1 1 0
976 4 3 3 1
976 30 4 2 0
978 51 4 1 1
980 33 2 4 1
982 38 2 3 1
983 8 4 2 0
983 31 3 3 0
986 11 5 2 1
987 30 1 2 0
987 15 3 4 1
996 45 4 4 0
996 43 4 2 1
999 41 5 1 0
999 10 1 1 0
95 861
1 55 5 3 0
3 61 3 1 0
6 21 2 2 1
6 12 3 4 0
8 52 3 5 1
8 68 4 5 0
8 28 4 5 1
8 61 5 3 1
9 64 1 4 0
10 43 5 1 1
10 21 5 5 0
11 81 4 2 0
12 83 1 5 0
12 49 5 3 1
12 50 5 1 1
12 62 1 4 0
13 14 4 1 0
14 55 1 4 1
16 75 5 5 1
17 76 5 3 1
17 95 5 1 0
19 25 4 5 1
23 25 1 5 0
24 87 5 3 1
25 23 4 3 0
25 28 3 4 0
26 47 2 5 0
28 70 1 3 0
29 39 2 1 1
29 30 5 3 0
31 73 5 4 0
34 62 1 4 1
36 66 4 4 0
37 50 1 4 1
37 40 4 5 1
38 40 1 5 1
40 65 5 2 0
42 81 2 2 0
43 95 3 4 0
44 29 3 1 0
45 64 4 4 0
45 59 2 2 1
45 14 4 1 0
46 24 1 4 0
47 90 2 5 0
49 70 5 2 1
49 21 4 3 1
49 32 2 2 1
50 90 3 1 0
54 91 1 1 1
54 57 1 1 1
55 33 3 2 0
56 31 5 5 0
57 40 3 5 1
60 76 3 1 0
60 32 3 1 1
64 17 3 3 0
65 41 3 1 1
65 2 2 2 1
68 18 5 5 1
69 19 4 2 0
71 67 3 4 1
72 30 2 1 1
73 23 2 4 1
74 50 3 4 0
75 36 2 4 0
75 94 1 2 1
77 20 1 1 1
78 81 4 5 1
81 53 1 5 0
82 15 2 4 0
86 43 3 1 0
88 48 1 3 1
89 46 3 3 1
90 37 3 4 0
91 72 2 5 1
93 77 3 1 1
94 59 1 5 0
95 26 3 5 1
95 37 1 1 0
97 73 2 4 1
98 47 5 2 1
98 87 1 4 1
99 75 3 2 1
101 54 4 4 0
103 70 2 1 1
105 80 1 2 1
105 65 1 1 0
106 37 2 3 1
106 46 5 2 0
107 51 3 2 1
108 76 3 4 0
109 64 2 4 1
110 49 1 4 0
110 78 2 3 1
111 60 2 3 0
111 89 2 4 1
111 27 5 2 0
113 34 1 4 1
113 87 3 4 1
115 23 3 1 1
116 86 2 2 0
117 15 5 4 0
117 55 2 5 0
117 38 1 5 0
119 82 5 2 0
120 20 2 1 1
121 89 2 3 0
122 59 1 3 0
125 22 3 4 1
126 86 1 1 0
128 90 3 2 1
128 79 4 1 0
129 22 5 2 1
131 38 2 2 1
132 26 2 2 1
133 31 2 5 0
134 62 4 2 1
134 88 4 3 1
139 25 4 1 1
140 36 5 3 1
141 81 3 1 0
143 13 2 3 0
144 84 3 2 0
145 50 4 3 1
146 8 4 3 0
146 28 3 3 0
147 15 3 1 0
148 69 4 3 1
149 70 4 4 0
151 35 3 3 1
157 83 2 3 1
158 29 3 3 1
159 15 4 5 0
159 27 3 2 0
159 48 3 4 1
159 48 5 1 0
159 55 2 1 1
160 42 1 3 0
161 79 1 2 0
164 81 5 5 1
164 85 1 5 1
165 27 4 3 0
165 87 2 4 0
168 58 2 5 0
171 5 5 1 1
172 94 3 2 0
172 20 2 2 0
175 12 3 4 1
175 29 4 3 1
175 82 2 4 1
175 47 3 5 0
178 82 4 2 0
181 19 2 4 1
185 76 5 5 0
186 90 3 4 0
188 90 5 4 0
189 60 1 3 1
190 74 5 3 1
190 32 2 5 0
190 36 4 3 0
192 36 3 1 1
192 2 4 2 1
194 95 1 4 0
194 61 1 4 0
196 25 4 1 1
200 37 5 2 1
201 4 5 2 1
202 64 1 1 0
202 4 4 5 0
203 84 1 5 1
204 94 5 4 1
208 71 4 4 0
209 8 1 4 1
211 35 4 3 1
213 63 1 5 1
218 68 4 2 0
218 61 3 1 1
218 74 3 2 0
219 37 2 3 1
219 11 5 2 0
222 30 1 4 1
224 56 3 4 0
226 22 5 4 0
226 3 5 1 1
228 93 2 5 0
228 27 2 4 0
230 46 2 5 0
233 43 1 4 1
233 77 2 4 1
234 12 4 5 1
234 73 2 5 0
238 65 2 1 1
239 46 2 4 1
240 71 5 5 0
241 51 5 5 0
242 14 1 4 1
242 49 1 2 0
245 77 5 5 0
245 13 3 1 0
245 19 3 3 0
247 50 3 5 0
248 32 2 5 0
250 37 3 2 0
250 16 5 2 0
251 40 3 2 0
251 93 2 5 0
251 60 4 1 1
251 14 1 5 0
252 48 4 5 0
252 59 5 1 0
252 37 2 5 0
253 36 5 4 0
257 33 5 4 0
260 28 5 1 1
261 58 5 4 0
261 90 4 1 1
261 5 3 1 1
261 4 2 2 0
261 16 2 1 1
262 92 1 4 0
263 32 3 2 0
264 54 1 2 0
267 30 4 4 1
267 15 2 5 1
269 87 4 2 0
270 6 5 1 0
273 39 1 2 0
273 81 5 1 1
274 62 1 2 1
274 40 5 5 0
274 61 2 4 1
274 73 2 5 1
274 88 3 4 0
275 21 2 4 0
278 14 3 3 0
282 74 3 2 0
282 21 3 4 0
284 67 4 5 1
285 60 1 2 1
285 80 2 5 1
286 49 1 4 0
286 13 2 5 1
287 40 3 1 1
291 88 5 5 1
293 76 2 3 1
294 76 5 1 1
295 70 1 3 1
295 14 3 5 1
296 57 5 5 1
296 90 4 2 0
300 49 1 3 0
300 86 5 5 1
301 25 4 3 0
302 47 2 5 0
303 17 2 5 0
305 53 5 1 0
305 58 3 1 0
306 52 3 2 0
306 89 3 5 1
306 58 1 1 0
306 38 5 3 0
307 49 5 4 0
309 34 5 4 0
310 25 5 5 0
310 25 3 2 1
312 18 5 1 1
313 19 5 2 0
313 85 4 2 0
313 38 1 3 1
313 29 3 3 0
314 34 3 5 0
315 4 1 4 1
315 12 5 4 0
318 19 3 4 0
318 73 1 2 0
319 79 4 1 0
322 80 2 2 1
324 66 5 2 1
324 39 1 2 1
325 56 2 2 0
325 71 4 2 0
325 19 5 1 1
326 8 2 4 0
326 48 1 4 0
328 3 3 1 0
328 27 4 1 0
329 20 2 5 1
329 93 1 5 1
330 10 2 1 1
330 84 4 4 1
331 5 4 4 1
331 20 2 5 1
332 73 2 4 0
337 44 1 4 0
338 63 1 5 0
340 22 1 5 1
341 62 2 4 1
341 83 2 1 0
342 4 3 3 1
344 79 5 2 0
344 72 5 5 0
345 1 5 4 0
345 55 4 4 0
345 21 3 4 1
348 83 4 5 1
348 4 3 5 0
349 55 5 5 1
349 53 3 1 0
350 20 3 2 1
350 56 2 4 0
351 8 4 3 1
351 37 2 5 0
352 4 1 1 0
354 55 2 5 0
354 59 4 3 1
354 65 3 1 1
355 16 2 3 0
355 1 4 1 1
358 88 3 4 1
359 42 1 4 0
360 42 4 1 1
361 48 2 1 0
362 9 2 4 0
364 11 5 2 1
364 14 1 2 0
366 40 3 4 1
367 12 5 3 0
368 89 3 5 0
370 84 3 4 0
370 49 1 4 0
370 21 4 3 0
371 87 5 3 0
371 50 1 4 0
371 11 1 4 0
371 17 2 3 0
372 82 4 3 0
372 16 4 2 0
372 19 2 1 1
374 32 2 4 0
374 15 4 5 0
374 58 4 4 0
375 27 2 5 0
376 3 1 5 1
377 18 2 4 0
379 48 2 3 1
381 83 2 3 1
381 63 2 2 1
381 1 1 3 0
384 58 2 1 0
386 84 2 3 0
387 27 3 1 0
388 95 2 1 0
390 37 1 1 0
391 12 2 4 1
392 54 5 2 1
393 25 5 4 1
394 56 3 1 0
399 88 3 5 1
401 74 5 2 0
401 40 2 1 0
401 61 2 4 0
402 70 1 5 1
402 27 5 2 1
403 14 1 5 1
404 69 5 3 1
406 28 1 1 1
406 87 4 1 0
409 81 1 3 1
409 1 5 2 0
409 83 1 5 1
410 53 4 5 0
411 95 2 4 0
416 59 4 5 0
419 85 3 3 1
419 44 4 4 0
420 34 4 2 0
422 38 1 2 0
423 9 2 4 1
423 65 1 5 1
423 24 2 1 0
424 90 2 4 1
424 11 4 2 0
425 56 3 3 0
427 83 2 5 1
428 74 3 4 0
430 34 2 3 1
430 3 4 2 1
430 39 5 5 0
431 27 5 4 1
432 54 5 3 0
434 41 4 1 0
434 23 2 2 1
437 63 4 1 0
437 50 2 1 0
440 89 5 4 0
440 70 4 3 1
443 17 1 2 1
444 81 4 4 1
444 92 4 2 1
445 72 4 1 0
445 60 2 5 1
446 85 2 2 1
446 81 2 4 0
447 14 1 2 1
447 41 3 1 1
450 76 3 3 0
451 61 3 5 1
451 15 5 3 0
452 86 5 1 0
454 63 3 1 0
455 47 2 1 0
456 56 5 5 1
457 3 4 4 0
458 5 5 5 1
459 28 4 5 0
459 32 2 3 0
462 59 3 5 0
462 21 5 5 1
463 82 4 2 0
463 56 2 5 0
465 33 2 4 0
465 58 2 1 0
467 34 4 5 1
467 42 4 3 1
471 87 3 4 0
473 92 5 4 0
477 16 2 5 1
478 15 1 2 0
479 93 1 3 0
479 54 3 2 0
479 58 4 1 1
481 52 4 1 0
481 74 4 5 1
483 66 5 4 1
483 64 1 5 0
484 57 4 2 0
485 78 1 3 0
488 53 5 2 0
489 20 4 2 0
489 74 3 2 1
491 88 4 3 0
492 92 3 3 0
492 90 3 1 0
495 34 3 1 1
498 63 1 3 0
499 77 2 4 1
501 45 5 5 1
503 29 3 5 0
507 60 3 4 0
510 32 3 2 0
510 56 2 1 1
516 7 5 1 0
516 45 4 3 0
516 38 5 4 1
517 75 3 4 1
519 44 3 3 0
520 44 4 5 0
520 23 5 4 0
526 67 4 4 0
527 58 2 2 0
527 87 3 3 0
529 70 3 5 0
530 93 1 3 1
532 86 2 2 1
532 6 4 1 1
532 41 1 2 0
532 67 5 4 1
532 6 2 2 0
532 42 1 2 1
533 59 2 1 0
533 52 4 3 1
534 49 2 5 1
534 12 1 4 0
534 36 2 3 1
536 92 2 5 1
536 17 4 5 0
539 68 2 5 1
539 21 1 2 0
541 26 2 4 1
541 47 4 2 0
542 3 3 5 0
546 84 3 2 1
547 86 4 5 1
547 38 1 5 0
550 72 3 5 1
551 11 3 5 0
553 93 3 4 0
553 20 2 4 1
556 79 3 3 1
558 60 3 3 0
558 12 4 3 1
559 86 5 1 1
560 40 2 4 1
561 37 2 1 0
564 85 5 3 1
571 13 4 5 1
573 55 5 5 1
575 82 5 5 0
576 86 4 5 1
576 32 4 3 1
577 36 1 5 1
578 93 2 4 1
578 40 5 4 0
579 19 5 1 1
580 26 5 2 0
580 94 3 1 1
580 11 2 3 1
581 29 3 2 0
582 26 4 3 0
585 83 4 1 1
586 64 4 2 1
587 65 3 2 1
588 27 4 1 1
590 69 4 4 1
592 69 4 1 1
592 27 1 2 0
596 34 3 2 0
597 40 4 4 0
598 9 5 1 1
599 23 5 5 1
599 92 2 1 0
600 25 4 1 0
603 45 2 1 0
603 49 2 4 1
604 38 1 3 1
606 85 4 4 1
607 78 2 1 1
610 81 3 1 1
612 76 5 1 0
612 11 2 4 1
613 34 5 3 0
614 72 2 3 1
617 62 4 5 0
617 90 4 3 1
618 80 3 1 0
618 71 5 3 0
619 82 3 5 0
619 10 5 3 1
623 14 5 1 0
624 4 5 4 0
624 84 4 2 0
625 10 3 1 0
626 23 4 4 0
626 34 1 5 0
627 66 3 1 1
627 52 1 5 0
628 89 5 2 1
628 67 2 4 0
629 38 4 4 1
631 95 2 2 0
631 54 3 3 0
632 88 1 4 1
634 76 3 1 1
634 18 1 2 0
636 30 2 1 0
636 42 4 5 0
636 10 3 2 1
636 74 1 4 1
638 21 3 2 0
639 35 3 2 0
639 50 1 1 0
641 35 1 2 0
643 23 2 1 0
643 46 4 1 1
643 50 2 5 1
643 48 2 3 1
643 94 1 4 1
644 60 1 3 1
644 91 4 3 0
645 11 5 5 1
648 53 5 2 1
648 76 1 5 0
649 87 1 2 1
649 84 1 1 0
651 59 2 3 1
652 44 3 4 1
653 46 2 3 0
653 58 4 3 0
658 65 3 4 0
664 39 4 2 1
666 48 3 2 0
667 4 3 4 0
667 11 3 2 1
669 12 4 4 1
671 22 3 5 0
673 93 5 4 1
674 19 5 5 0
674 43 3 1 1
675 39 2 5 1
676 29 5 1 0
678 69 3 2 1
678 89 5 4 1
680 83 1 3 1
681 47 5 4 0
682 51 5 4 0
683 62 4 4 1
683 38 5 4 1
684 26 4 2 1
684 83 5 3 1
686 14 4 2 0
688 34 2 5 1
689 74 2 5 1
691 20 5 3 0
691 66 5 2 1
693 63 3 3 1
694 14 1 3 0
694 36 5 3 0
695 82 4 4 1
697 3 1 1 1
698 32 3 1 0
698 88 4 5 0
698 21 3 5 0
700 8 3 1 0
701 95 5 3 0
702 87 5 4 0
703 43 4 4 0
703 51 1 2 1
704 84 2 2 1
705 69 1 4 0
707 12 5 4 0
710 66 4 1 0
710 8 5 5 0
712 49 3 1 0
713 4 5 3 0
717 94 5 3 1
717 71 5 1 0
718 24 1 5 1
719 20 4 2 1
719 61 3 4 0
719 48 5 2 1
719 60 1 1 1
722 83 3 2 1
723 1 5 1 0
724 41 4 5 1
724 21 2 2 1
726 71 3 5 1
726 53 2 2 1
729 88 2 3 0
732 82 4 4 1
732 64 1 2 1
733 32 1 1 1
734 44 5 4 0
735 41 2 4 0
737 27 5 1 1
737 52 1 4 0
742 9 4 2 0
745 5 1 2 0
745 49 2 4 0
745 91 5 4 0
747 78 4 3 0
747 35 4 4 1
749 80 1 1 1
749 52 2 2 0
751 79 2 5 0
752 52 4 1 0
752 4 2 5 0
754 55 1 5 1
756 9 3 1 0
758 2 5 1 1
759 2 3 3 0
759 41 5 2 1
759 38 1 1 0
761 16 1 2 0
766 58 3 4 0
768 88 3 1 1
769 12 4 1 1
769 67 4 5 0
769 30 2 3 0
771 65 3 1 1
772 31 1 3 1
774 77 1 5 0
774 23 5 2 0
774 70 5 1 1
775 59 4 5 0
775 35 2 4 0
784 42 2 1 1
784 85 3 3 1
784 71 3 1 0
785 49 4 4 0
787 27 5 3 0
787 18 5 5 1
787 38 5 1 0
789 39 4 4 0
790 1 2 1 1
792 35 1 3 1
793 88 1 5 0
795 53 5 5 1
798 28 3 5 1
798 74 3 4 1
798 54 5 1 1
799 11 4 1 0
800 23 5 5 1
802 2 5 4 0
802 95 3 2 1
803 80 1 5 0
803 38 4 2 1
804 86 4 4 0
806 93 1 1 1
807 15 1 1 0
808 84 2 3 0
811 51 3 1 1
812 45 3 3 1
812 76 2 3 0
812 84 5 3 1
813 89 1 2 1
814 35 3 5 1
814 35 4 4 1
817 11 4 2 0
820 33 3 3 1
820 35 2 1 1
821 27 1 5 1
824 76 4 5 1
824 28 2 1 1
826 53 2 2 1
826 54 2 1 1
827 94 5 4 1
831 13 1 5 1
832 48 3 1 1
832 53 5 1 0
833 24 3 3 0
835 55 3 5 0
837 46 3 2 0
837 85 3 4 1
838 18 5 2 1
838 85 3 3 1
838 58 1 5 1
839 53 1 5 0
839 15 1 5 0
842 34 4 5 0
843 25 3 3 0
843 12 5 5 0
843 95 3 4 0
848 1 3 4 1
848 4 1 2 0
848 68 2 1 1
849 43 5 2 0
850 67 5 2 1
853 20 1 3 0
853 27 5 1 0
853 12 5 5 1
854 64 3 1 1
854 84 2 2 0
862 7 2 2 0
862 14 2 2 1
863 29 4 5 0
863 74 1 3 1
865 55 4 4 1
866 62 1 5 1
867 66 4 5 0
868 34 4 1 0
868 71 1 4 1
869 90 5 3 1
870 33 3 2 0
874 64 4 1 1
874 52 3 4 1
877 45 2 4 1
878 23 2 2 0
879 5 3 5 1
879 11 3 1 1
882 83 2 5 0
883 92 4 3 0
883 58 1 4 0
885 2 5 5 1
885 72 5 4 0
886 20 3 5 1
886 78 3 1 0
887 42 5 1 0
888 20 1 4 1
890 87 1 1 0
892 59 3 5 1
893 77 2 1 0
894 62 1 2 0
894 49 2 1 1
894 55 1 5 0
896 21 1 3 0
896 36 4 2 1
897 51 2 3 1
897 55 5 4 0
898 51 1 2 1
899 26 1 5 1
899 41 2 5 0
900 76 4 1 0
900 29 3 1 1
902 7 5 4 1
908 60 1 3 1
908 88 1 1 1
909 67 2 2 0
911 48 5 5 0
911 39 3 3 1
912 56 4 3 1
912 76 3 5 1
912 57 1 5 1
914 59 4 5 1
916 14 4 1 0
917 51 3 3 1
917 50 4 5 0
917 29 5 1 1
918 13 3 1 0
920 23 4 2 0
920 2 1 5 1
921 33 2 3 1
921 65 3 2 1
922 81 5 4 1
923 89 5 4 0
924 5 5 3 0
925 30 1 1 1
928 48 4 5 0
931 34 1 4 0
932 80 3 5 1
932 13 1 5 1
933 82 3 2 1
934 4 2 3 1
938 54 4 5 0
939 13 2 1 1
940 15 1 2 0
941 75 5 3 0
942 21 5 4 0
943 33 3 5 1
944 58 5 2 1
945 73 4 5 1
945 64 5 2 1
949 22 3 1 0
950 60 3 5 0
952 79 4 5 1
952 27 1 3 1
952 10 3 4 1
953 15 5 3 0
954 41 1 5 0
955 55 3 2 0
957 87 2 1 1
957 90 1 2 0
959 28 5 1 1
959 31 5 3 1
963 14 5 4 1
963 40 1 1 1
963 55 5 5 1
967 39 4 5 1
968 19 4 5 0
970 78 4 4 1
976 85 1 1 1
976 64 2 2 0
978 73 2 3 1
979 57 2 4 1
980 24 1 5 0
980 57 3 1 1
981 44 3 3 0
982 92 5 5 1
985 85 3 4 1
986 51 5 1 1
987 63 5 2 0
988 94 2 1 1
990 19 4 3 1
991 11 1 3 1
993 30 5 3 0
994 2 1 3 1
994 5 3 2 1
997 82 1 5 0
998 41 1 5 1
1000 23 2 2 0
1000 46 3 1 1
97 807
2 56 3 3 1
2 63 5 1 1
3 90 2 1 1
4 42 4 2 0
7 24 2 4 1
7 24 1 2 0
9 34 5 1 1
9 14 1 2 1
13 94 1 5 1
14 8 5 1 0
18 50 4 2 1
18 59 2 4 0
18 78 4 4 0
20 24 4 1 0
22 80 4 5 0
22 15 5 4 0
23 4 1 1 0
26 71 2 2 0
29 1 2 3 1
29 23 1 4 1
32 52 3 3 0
32 61 1 2 0
33 45 5 2 0
33 58 2 3 1
33 74 3 4 0
37 53 4 5 0
39 25 3 1 0
39 67 2 1 1
40 71 5 3 1
41 90 3 3 1
41 39 3 5 1
42 32 2 3 0
43 42 4 4 1
45 24 2 4 1
46 62 1 5 1
48 90 3 5 0
48 97 3 5 0
50 89 2 3 1
51 43 2 5 0
54 44 4 2 0
55 22 1 5 1
55 55 2 4 0
55 50 2 1 0
55 87 4 4 1
57 47 2 2 0
57 50 5 2 1
58 67 3 1 0
59 59 3 3 1
59 28 4 5 0
59 70 4 1 1
59 2 4 2 0
60 48 5 4 0
61 32 2 2 1
62 86 2 2 0
64 77 4 1 0
65 19 1 4 0
65 94 5 5 0
65 17 2 1 0
67 42 4 4 1
68 8 1 5 1
68 94 4 5 0
68 17 3 1 1
69 55 1 2 0
69 33 2 2 0
72 80 5 2 0
74 94 2 3 1
75 74 3 5 1
76 29 5 1 0
77 19 5 5 0
79 29 4 4 0
82 4 3 1 1
82 21 1 4 0
82 80 2 4 1
82 22 4 1 1
84 20 1 3 0
86 89 3 1 0
87 20 4 5 0
88 57 4 1 1
89 33 4 2 0
90 1 2 4 1
91 50 3 1 0
92 55 1 1 0
93 36 3 5 1
93 29 5 3 0
94 31 2 1 0
95 84 4 3 0
96 83 3 1 1
97 12 1 5 1
101 7 5 5 0
101 56 1 3 1
101 73 4 5 1
102 70 5 4 0
104 74 2 1 1
104 97 5 1 0
104 23 5 3 0
105 50 1 5 0
105 71 1 4 0
108 68 2 4 0
108 57 5 4 1
109 5 4 4 0
109 1 1 4 1
115 95 1 1 1
115 45 2 2 0
115 46 2 5 0
117 61 1 5 0
118 50 3 3 1
119 25 4 1 0
119 96 2 4 1
124 20 1 2 0
125 54 5 3 0
126 67 4 2 0
126 37 4 5 0
127 31 3 2 0
127 86 1 2 1
127 49 2 5 0
128 90 2 5 0
129 5 3 1 0
130 10 3 3 0
132 35 5 3 1
133 83 1 2 1
134 69 5 1 0
134 10 5 4 0
135 38 1 2 0
136 23 5 5 0
140 73 5 1 0
141 61 1 3 0
144 29 2 4 1
144 4 2 5 0
144 57 4 3 1
146 26 2 4 0
146 66 5 2 1
146 75 4 4 0
147 42 4 3 1
149 68 5 1 0
149 52 5 1 0
150 77 2 5 0
151 3 2 3 1
152 92 1 2 1
153 44 5 1 1
153 25 5 3 0
154 94 2 5 1
156 85 2 1 1
157 72 4 2 0
157 59 5 4 0
159 87 2 4 0
162 33 1 5 0
167 78 3 3 0
167 91 4 3 0
167 85 3 5 0
167 16 4 2 1
170 5 2 1 0
173 37 4 3 0
175 7 2 3 1
176 97 2 4 1
177 39 1 2 1
177 21 2 1 1
179 10 1 5 0
180 89 1 2 0
182 11 3 4 1
183 36 1 2 0
183 85 5 3 0
185 40 5 4 1
185 50 4 5 0
186 56 1 3 0
186 66 3 3 1
187 41 3 2 1
188 80 1 3 0
188 75 2 3 1
189 32 1 4 1
192 38 5 3 0
193 63 2 3 1
193 48 2 1 1
193 29 5 3 0
197 84 3 1 1
199 89 3 4 1
200 30 3 4 0
200 15 3 2 0
204 54 5 4 1
205 95 3 4 0
206 36 4 5 0
209 5 4 4 1
209 71 1 4 0
212 79 4 4 0
215 94 1 5 0
216 21 1 2 1
216 53 3 4 1
217 84 1 4 0
218 47 2 5 0
222 23 2 2 1
225 5 1 2 0
227 52 5 4 0
231 19 4 4 1
233 39 4 2 0
233 32 1 3 1
233 51 1 2 1
233 31 4 1 1
236 27 2 2 0
237 55 5 1 1
237 78 1 4 1
240 8 3 5 0
241 70 3 1 0
242 14 1 1 0
243 15 5 5 1
246 5 3 1 1
247 7 1 1 1
250 88 5 2 1
250 44 5 4 1
251 94 3 2 0
251 59 2 2 1
251 22 3 2 1
253 56 3 1 1
253 63 4 5 0
253 77 2 1 0
253 79 4 4 1
255 95 4 1 0
255 82 2 3 1
256 25 2 4 1
258 81 5 4 1
258 23 2 2 0
258 31 2 2 1
259 26 5 1 1
262 10 2 2 0
265 95 2 3 1
267 15 2 3 0
267 91 3 3 1
268 77 5 4 1
269 71 5 5 1
269 73 5 2 0
272 88 2 3 1
273 71 5 5 1
274 27 3 1 0
279 10 3 2 0
280 30 2 3 0
281 91 1 3 1
284 72 3 3 1
286 10 2 4 1
287 67 3 5 0
287 83 3 4 0
291 91 1 4 0
292 64 2 5 0
292 48 2 1 0
292 17 4 5 0
293 32 4 4 0
295 41 1 5 0
296 13 1 3 0
298 52 1 2 1
298 66 3 2 1
304 52 3 1 1
305 22 4 3 1
305 36 3 3 1
305 80 2 3 0
305 95 3 4 1
305 22 4 3 1
307 4 3 2 1
311 21 3 1 1
314 38 1 1 0
315 46 2 1 1
315 5 4 2 0
316 91 5 2 1
317 22 5 5 1
317 34 3 1 0
318 65 3 5 1
319 76 3 5 0
319 64 4 2 1
320 29 1 5 0
321 62 5 3 1
322 69 3 3 1
324 26 4 3 0
324 96 4 3 1
324 54 2 4 0
324 84 5 5 0
325 61 5 2 1
326 26 3 5 1
330 85 3 2 0
331 54 3 2 1
331 49 5 2 1
332 12 4 4 1
333 83 5 2 0
335 57 3 2 1
335 54 5 3 1
338 32 3 5 0
338 6 5 5 0
338 82 2 4 1
341 28 1 3 1
341 66 2 2 0
343 85 4 4 0
343 33 2 3 0
343 59 5 1 0
343 30 3 1 1
345 52 3 4 1
345 94 5 2 1
345 46 2 2 1
345 73 2 3 1
345 24 1 1 0
347 86 5 5 1
347 52 2 1 1
349 38 5 3 1
350 74 1 3 0
351 40 2 3 1
351 19 2 3 0
351 22 3 1 1
352 56 2 4 0
355 91 4 5 1
358 37 3 1 1
359 29 5 2 0
360 4 5 1 0
361 42 4 2 0
362 29 4 5 0
362 33 1 5 0
365 16 5 1 1
367 28 2 5 1
368 30 3 1 1
368 3 4 3 0
369 69 4 2 0
369 39 1 2 1
369 39 3 1 1
370 59 4 2 0
370 54 2 3 1
370 11 2 5 1
370 15 4 2 0
372 71 1 4 0
373 68 2 5 0
373 14 1 2 0
374 56 1 5 0
375 31 2 3 1
379 31 3 2 0
380 69 3 4 1
380 47 2 5 0
381 29 2 2 0
382 49 5 3 1
385 44 4 4 1
386 15 1 2 0
387 55 3 3 0
387 91 4 5 1
387 33 1 2 1
388 84 1 4 1
393 45 4 4 1
393 55 4 5 1
398 26 2 2 1
400 43 4 2 0
401 55 1 2 0
401 80 3 3 0
402 27 2 5 0
403 52 5 4 1
404 38 3 5 1
410 36 1 3 0
410 97 5 1 0
410 97 4 3 1
412 84 1 4 1
413 84 5 4 0
414 55 4 5 0
415 27 3 2 1
415 82 5 3 0
417 33 4 5 1
417 59 3 5 1
423 88 5 3 1
428 26 1 4 0
428 53 1 5 1
430 28 4 3 1
434 92 2 2 0
435 3 3 1 0
435 19 5 1 0
435 17 5 4 0
436 59 4 1 0
440 14 2 3 1
445 84 4 5 0
447 33 3 2 0
449 85 3 2 1
450 30 2 2 1
450 54 5 5 0
452 51 5 4 0
455 52 2 1 1
458 25 1 1 1
461 24 4 3 0
462 55 1 5 0
462 23 2 4 0
463 40 1 3 0
464 21 3 3 0
464 43 4 1 0
466 38 4 5 1
466 11 4 4 0
467 2 5 3 1
468 91 1 3 1
470 66 1 2 1
471 19 1 5 1
471 63 1 2 1
471 15 5 5 0
473 79 2 2 0
473 36 3 5 0
473 67 2 1 1
475 5 4 2 0
478 3 3 1 0
478 64 4 2 1
478 35 3 4 0
478 70 1 5 0
479 5 1 5 0
480 5 5 2 0
480 18 3 1 1
482 27 3 4 0
483 71 5 1 0
488 36 2 5 1
488 49 2 3 1
488 43 3 4 1
491 84 2 1 1
491 19 3 5 1
491 8 3 5 0
496 41 4 4 0
499 10 1 1 1
500 17 1 2 0
502 13 3 5 1
502 74 4 5 1
503 63 4 4 1
504 93 5 5 1
505 61 3 2 0
510 43 2 3 0
510 54 4 1 1
510 74 5 2 0
511 47 1 3 0
511 87 4 1 1
512 49 2 5 0
518 30 1 5 1
519 78 1 2 0
520 84 3 4 1
521 18 1 3 1
523 32 3 5 0
525 14 5 3 0
525 85 4 5 0
525 53 5 5 0
525 85 4 2 0
526 41 2 2 1
527 73 5 4 1
530 10 1 4 0
537 73 3 5 0
539 66 5 1 0
540 39 4 5 1
541 89 2 1 1
545 87 5 1 0
545 97 3 1 1
548 62 3 5 1
548 72 3 3 0
551 5 1 3 1
552 96 3 4 1
554 3 4 4 0
555 57 2 3 1
555 26 1 4 0
559 68 5 5 1
560 12 4 1 0
560 19 4 3 0
560 41 3 4 1
562 28 5 3 1
564 19 5 2 1
565 46 1 3 0
565 53 5 1 1
567 86 5 3 0
568 51 1 3 0
568 15 3 5 0
568 66 1 1 0
569 54 4 4 0
569 48 4 3 1
571 74 4 4 0
571 17 3 1 1
572 86 3 1 1
579 45 1 4 0
581 5 2 1 0
583 55 4 5 0
584 46 2 4 0
585 79 5 1 1
587 17 2 4 0
589 69 3 2 0
590 40 1 2 1
592 90 4 5 1
593 69 2 3 0
593 4 2 1 1
594 96 5 3 1
595 38 2 5 0
596 48 1 4 0
598 29 2 5 1
600 54 3 5 0
601 87 3 3 1
601 19 1 3 1
602 95 2 5 0
602 24 3 3 1
603 38 3 4 0
603 9 2 5 1
604 46 4 1 1
605 54 2 3 1
606 12 2 2 1
610 50 2 1 1
610 15 3 2 1
611 53 2 5 0
613 94 1 5 0
613 17 3 1 1
614 74 5 1 0
615 97 3 1 0
616 70 1 5 0
616 71 2 5 0
617 55 1 4 1
617 44 3 5 0
617 79 4 1 0
620 31 5 5 0
621 61 1 4 1
623 55 4 4 1
625 7 2 5 1
625 97 4 4 1
626 46 1 2 1
630 71 2 1 0
632 87 3 1 1
634 34 2 3 0
634 79 1 3 0
634 3 3 1 1
635 64 1 4 1
635 14 1 1 0
636 61 1 1 1
638 7 5 1 1
639 70 1 1 1
641 58 3 4 1
642 45 3 1 0
645 34 4 3 0
645 9 3 5 1
647 49 1 2 0
652 7 5 4 1
655 24 3 5 1
655 61 3 4 0
656 50 4 5 1
658 85 4 1 1
660 13 1 4 1
661 41 4 3 0
663 32 1 4 1
664 14 5 1 1
665 32 4 1 0
667 9 5 2 1
667 36 3 3 1
670 4 5 2 0
673 56 5 1 0
680 61 5 4 0
682 71 2 2 0
683 60 1 3 0
684 25 3 5 1
685 53 1 1 1
685 35 1 2 1
687 84 2 2 0
688 23 2 3 0
689 81 4 2 1
691 56 5 5 0
692 32 3 5 0
692 96 4 5 0
693 24 3 2 0
693 56 3 3 0
695 67 1 3 1
697 46 1 2 0
699 51 5 4 0
699 85 4 5 1
699 12 4 1 1
701 59 2 4 0
701 68 3 5 1
701 79 4 5 0
702 59 4 3 0
703 76 3 1 0
703 49 4 4 1
705 10 2 2 0
706 95 2 2 1
706 5 2 1 1
706 1 5 4 1
708 37 1 1 1
708 34 4 1 0
711 26 2 2 1
713 88 3 2 0
713 59 1 1 1
714 14 1 5 1
714 82 1 2 0
715 7 5 5 1
719 51 3 2 1
724 3 5 5 1
724 9 5 3 1
724 49 4 1 1
727 63 1 2 0
730 72 3 1 1
731 95 5 3 0
732 55 2 5 1
733 6 2 2 1
735 57 1 5 1
735 35 2 4 0
736 74 5 2 1
738 59 3 2 1
739 24 4 3 1
741 14 4 4 1
742 54 1 1 1
744 36 2 3 0
744 17 2 4 0
744 95 4 4 0
746 88 2 5 1
747 11 3 2 1
751 85 2 1 1
754 7 5 3 1
755 76 1 1 1
758 17 4 5 0
758 86 2 1 0
759 47 5 1 1
759 78 2 1 1
760 83 5 2 0
761 43 4 1 0
764 20 4 3 1
765 88 4 2 1
766 26 1 3 1
767 81 5 3 1
767 65 1 5 0
768 23 5 3 1
768 15 4 3 0
769 14 2 2 0
769 93 2 1 1
774 2 2 2 1
776 30 2 1 1
776 45 1 3 0
776 14 1 3 1
777 97 1 2 1
778 76 5 4 1
779 32 4 5 1
779 51 4 2 1
784 32 4 4 0
785 66 5 3 1
785 96 4 5 1
786 47 4 2 0
787 13 1 4 1
787 8 2 3 1
787 29 1 4 0
787 41 4 2 0
787 46 3 5 1
788 11 5 1 0
788 43 5 5 0
788 60 4 1 0
788 94 4 1 1
789 27 5 1 0
793 70 3 4 0
794 78 1 5 0
794 86 1 1 1
795 78 1 2 0
796 91 2 1 1
796 14 3 3 0
797 64 3 1 1
800 48 1 5 0
802 47 4 2 0
802 88 3 5 0
802 91 1 5 1
804 6 4 1 1
805 52 3 4 0
809 42 4 5 0
809 88 1 5 1
810 52 3 3 1
812 27 4 5 1
814 59 5 2 0
815 46 5 1 0
818 15 3 3 0
819 59 5 1 1
819 21 3 4 0
822 46 2 2 1
825 69 5 5 0
825 40 3 2 1
825 38 1 2 1
826 62 1 5 1
827 82 5 5 1
827 45 5 1 1
828 47 4 3 0
829 1 5 2 0
829 49 1 1 1
832 24 3 2 0
835 25 4 1 0
838 55 2 4 0
839 94 3 1 0
839 97 5 4 1
842 60 2 5 1
842 51 5 4 0
843 30 1 2 0
843 75 4 4 1
846 42 2 3 0
847 31 5 2 1
848 31 1 3 0
848 61 2 4 1
848 1 3 4 1
849 3 2 1 1
849 17 3 3 0
852 29 1 4 1
852 7 4 3 0
854 33 1 1 1
854 86 1 2 1
856 4 2 3 0
856 77 5 1 1
857 6 1 2 1
858 49 3 3 0
859 68 1 3 1
860 57 4 3 0
861 53 4 4 0
862 29 4 4 1
865 14 3 2 1
868 95 4 2 0
868 35 3 5 1
868 46 1 1 0
869 59 1 4 0
870 16 1 3 0
871 41 5 1 0
871 92 2 2 1
873 3 5 1 1
876 32 5 3 1
877 47 4 3 0
878 94 2 3 0
879 20 4 4 0
882 2 3 2 0
882 51 4 2 1
883 41 2 4 0
885 51 4 1 1
886 4 2 4 0
886 51 5 1 1
886 75 5 5 1
887 76 1 2 0
887 65 2 2 1
889 88 1 2 1
889 45 1 3 1
890 61 1 1 0
890 96 5 4 1
890 19 4 4 1
891 37 1 5 0
891 30 4 4 1
894 9 3 3 0
895 95 1 1 0
895 48 3 2 0
895 61 3 2 0
895 62 1 2 1
895 88 4 1 0
896 90 4 2 0
896 6 5 4 1
899 27 3 4 0
905 89 1 1 1
905 47 1 1 1
906 62 3 2 0
906 65 1 1 1
907 92 1 3 0
907 64 4 4 0
907 10 4 1 1
907 1 1 4 0
909 82 5 4 1
911 83 5 4 0
911 89 3 1 0
912 21 4 2 0
912 19 3 2 1
917 51 2 4 1
918 47 1 1 0
920 56 4 5 1
920 97 4 3 0
922 46 3 4 1
924 28 5 2 0
928 41 1 3 0
928 75 1 3 1
928 36 3 3 1
932 51 2 4 0
932 68 4 5 0
934 5 2 2 0
938 94 2 5 0
941 88 5 3 1
944 92 4 1 1
946 45 4 1 0
948 84 4 4 0
948 14 4 2 1
948 97 1 3 1
949 42 2 3 0
951 5 5 2 0
953 34 2 1 1
959 28 5 3 1
960 24 4 2 1
961 42 5 2 0
961 72 3 4 1
962 97 3 3 0
962 94 3 4 0
963 26 5 1 0
963 8 3 4 0
963 21 4 2 1
963 78 4 4 0
964 37 2 4 1
965 26 5 3 1
965 64 2 3 0
965 8 2 1 1
967 13 3 3 0
970 87 2 1 0
970 74 2 4 0
971 52 1 2 1
973 28 1 3 1
973 23 5 4 0
976 41 3 2 1
978 14 5 2 0
981 33 3 4 0
982 82 2 1 1
982 27 2 1 1
983 7 4 2 1
985 87 3 4 0
985 63 2 1 1
986 64 5 2 0
987 51 4 1 1
987 78 1 5 1
987 20 4 5 0
989 90 3 2 1
991 96 1 5 1
993 26 2 4 0
995 12 2 1 0
995 75 2 2 1
995 41 2 2 1
996 64 2 5 0
999 75 4 2 1
999 84 2 4 0
1000 28 2 4 1
84 724
1 73 5 4 0
4 79 2 1 0
4 67 3 5 1
5 78 4 3 0
7 52 4 3 0
8 24 4 2 1
8 12 2 3 1
9 81 5 5 0
11 75 3 2 1
11 81 5 5 0
12 24 5 5 1
13 59 4 5 1
13 1 1 1 1
14 22 2 4 1
18 54 2 1 0
20 66 2 1 1
22 39 5 3 0
22 19 4 4 1
26 76 5 2 1
27 57 5 5 1
27 47 4 5 0
28 30 4 2 1
28 35 3 3 0
29 23 3 5 0
32 36 2 2 0
33 16 5 5 1
33 45 3 1 1
33 29 1 3 0
33 28 1 1 1
35 17 2 4 1
35 24 4 4 1
39 46 4 1 0
39 36 5 5 1
39 59 2 5 1
40 82 4 3 1
43 55 4 3 1
45 79 4 4 1
46 12 3 2 1
47 10 4 5 1
49 14 3 5 0
51 73 3 4 0
57 79 2 5 0
57 23 4 3 1
58 41 4 5 0
61 42 1 2 0
61 80 2 4 1
63 55 3 2 0
63 58 4 2 0
65 74 2 2 0
67 48 1 4 0
67 57 1 3 1
67 33 5 1 0
68 53 5 3 0
69 10 3 1 0
70 27 1 2 0
70 33 5 4 0
71 43 5 2 0
72 22 3 5 0
74 72 1 4 1
76 4 2 3 0
77 58 4 4 0
78 27 2 3 0
78 13 1 4 1
79 56 1 1 1
81 29 4 1 0
82 47 3 3 1
87 1 4 4 0
87 84 4 3 1
88 66 4 2 0
92 24 1 5 1
95 14 4 3 1
97 64 3 4 1
97 22 4 5 1
98 19 3 5 0
100 83 4 3 0
100 35 4 1 0
101 15 3 5 1
104 52 3 1 1
105 8 5 4 0
106 28 5 2 1
112 28 4 2 1
114 77 1 2 0
115 42 3 5 0
117 38 5 3 0
118 8 1 1 0
118 5 4 5 0
119 46 3 1 1
120 32 3 5 1
124 61 4 1 1
125 1 1 1 1
127 83 2 3 0
128 64 3 2 0
129 25 3 1 1
130 54 5 2 1
130 79 1 3 0
131 18 1 1 1
131 48 4 1 1
132 72 2 1 0
135 9 2 4 1
136 30 3 4 0
136 22 2 1 1
136 66 2 2 1
138 6 2 2 1
140 13 3 3 1
140 51 4 1 1
140 4 1 5 0
141 46 5 1 0
142 73 4 2 1
144 60 2 3 0
144 77 4 4 0
145 59 1 5 0
147 49 3 3 1
151 76 2 3 0
151 15 1 5 1
153 36 3 5 0
153 32 2 1 1
154 26 3 3 1
155 4 3 2 1
155 72 4 1 1
156 17 2 2 1
157 56 3 5 0
158 78 3 3 1
160 49 2 2 1
160 56 2 1 0
166 20 3 1 1
168 18 5 5 1
168 81 2 3 1
170 24 2 2 0
172 31 5 2 1
172 35 3 3 0
174 51 1 2 1
175 40 2 5 0
175 8 3 4 0
176 79 5 1 1
177 51 1 3 1
180 72 2 4 1
185 32 4 3 1
185 73 5 5 1
186 24 3 4 0
187 54 4 5 1
187 32 3 4 1
188 82 2 1 0
190 20 1 2 1
191 2 5 5 0
193 60 3 3 0
196 80 2 5 0
197 36 4 3 0
197 73 3 3 0
198 76 4 5 1
198 13 2 4 1
199 41 2 1 1
200 50 2 4 0
201 77 2 1 0
201 55 2 1 0
202 9 5 3 0
204 35 2 2 0
208 2 4 1 1
215 10 3 1 0
215 28 2 1 1
216 48 2 4 1
218 11 5 1 0
219 79 2 1 0
219 2 1 4 0
225 21 5 3 1
226 34 3 1 1
228 5 2 5 1
231 27 1 2 0
232 58 1 4 0
232 21 5 1 0
232 76 4 4 0
232 36 5 4 1
235 18 5 3 1
236 10 5 5 1
238 81 2 2 1
238 64 2 4 1
239 76 3 1 0
240 16 5 3 0
243 5 2 4 0
244 23 1 2 1
247 21 4 5 1
247 10 3 1 0
248 11 1 3 1
250 50 4 5 0
252 60 3 1 0
253 46 2 3 1
254 65 5 2 1
254 45 4 4 1
255 7 4 2 1
257 45 1 1 0
257 50 4 3 1
257 45 2 4 1
258 79 5 3 0
265 9 1 2 1
267 27 5 1 0
268 51 5 4 0
273 8 4 2 1
273 9 4 2 1
275 57 2 5 1
278 8 1 3 0
282 6 4 1 0
282 76 5 5 0
282 41 5 2 1
284 36 2 1 1
284 40 2 3 0
288 65 1 4 1
289 59 2 1 0
293 71 1 4 1
294 11 3 5 1
295 68 2 3 0
296 48 4 5 1
298 36 5 3 0
302 64 5 4 0
303 21 2 5 0
303 21 5 5 0
306 42 4 4 0
307 29 1 2 1
308 41 3 1 1
309 66 1 3 1
309 41 2 3 1
311 52 3 2 0
314 21 5 3 1
315 16 1 1 1
317 70 4 3 1
319 65 4 3 0
319 48 4 2 0
320 6 1 5 0
321 80 5 5 1
324 30 2 1 0
325 45 3 5 1
326 16 4 2 1
327 65 2 1 0
328 36 2 1 1
329 60 2 2 1
331 32 4 1 0
333 68 4 1 0
333 46 5 2 0
334 79 5 3 1
334 57 5 1 1
335 20 5 4 0
336 6 4 1 1
336 50 2 5 0
337 16 5 2 0
338 57 5 1 1
338 74 5 2 0
339 35 4 4 1
339 14 1 4 1
342 69 3 1 1
343 17 4 3 1
345 61 1 2 0
346 83 4 3 0
346 27 5 3 1
347 57 2 2 0
348 42 3 3 0
352 26 3 1 0
353 67 5 4 1
355 84 2 2 1
355 79 2 3 0
357 11 5 4 1
357 30 5 4 1
357 1 1 2 1
357 49 4 2 0
358 80 4 4 1
358 7 4 1 1
363 30 3 4 1
365 68 2 4 1
368 77 4 1 0
368 59 5 1 1
368 71 5 1 0
369 4 5 1 1
370 2 1 2 1
370 11 5 4 0
371 28 2 4 1
374 61 4 2 1
376 35 4 2 0
377 63 5 4 1
379 51 5 3 0
381 13 1 1 1
381 76 3 4 1
381 2 2 4 0
381 34 1 4 1
383 63 1 2 0
383 59 4 4 0
383 52 3 3 1
385 51 2 2 0
385 18 5 2 1
385 41 2 4 0
386 71 1 2 0
386 72 1 5 0
388 35 2 4 1
389 37 2 1 1
390 30 3 5 1
391 83 4 3 0
391 51 5 1 0
394 69 3 5 1
394 55 4 1 0
395 63 5 3 0
395 17 3 4 0
397 46 5 3 1
398 69 2 1 0
399 3 2 5 1
399 22 1 1 0
403 81 1 1 1
404 10 4 1 1
408 37 5 5 1
410 5 1 5 1
415 7 3 4 0
415 20 3 1 1
417 39 3 5 1
418 63 4 3 0
418 67 3 3 1
419 55 4 3 0
421 34 5 1 1
421 44 5 2 0
421 84 3 1 1
425 29 3 1 0
429 16 1 3 1
431 19 3 1 1
433 43 3 1 1
433 23 2 4 0
434 80 4 1 1
436 45 3 4 1
437 22 2 1 1
437 53 4 3 1
437 66 1 3 0
437 36 2 1 1
438 29 1 4 0
439 7 2 1 0
439 57 3 4 1
441 50 3 4 1
442 66 5 1 0
442 28 3 1 0
445 16 3 5 0
445 27 4 4 0
447 78 4 2 0
448 5 3 4 0
448 20 2 1 0
450 29 1 2 0
450 62 1 2 1
452 31 1 1 1
454 52 5 1 1
460 56 2 4 0
460 14 4 4 0
461 71 4 4 1
462 2 2 2 0
463 29 2 4 0
463 59 3 5 1
463 43 4 4 0
464 84 5 3 1
466 69 2 2 0
466 6 1 1 1
468 3 4 5 0
470 8 2 5 0
470 80 1 4 1
470 60 4 3 1
471 61 4 1 0
474 20 3 1 0
476 80 1 4 0
476 40 5 4 0
476 10 5 1 1
477 20 3 3 0
478 59 1 5 1
478 63 2 5 0
478 8 2 5 0
479 66 1 2 1
480 4 1 1 1
481 13 3 4 1
481 54 5 2 1
484 53 2 4 1
487 83 5 3 0
488 8 5 5 0
489 75 1 2 1
490 1 1 4 1
491 4 2 5 1
492 7 1 4 0
494 8 5 5 1
497 75 4 2 0
497 17 4 5 0
499 51 4 4 0
501 29 3 1 1
502 2 2 2 1
503 78 5 4 0
509 30 1 4 0
512 51 5 3 1
513 9 1 5 0
513 60 5 4 0
513 56 1 2 1
513 8 4 4 1
515 65 1 4 1
515 45 5 1 0
515 71 2 1 1
516 60 4 5 1
517 75 4 3 0
518 13 2 1 1
518 47 5 2 1
518 9 5 3 0
520 21 2 3 1
521 15 4 5 0
523 49 1 2 1
524 50 5 4 1
524 18 4 2 0
526 82 4 5 1
530 12 4 1 1
531 1 5 5 1
532 34 4 1 0
534 52 1 5 0
534 5 3 1 0
535 42 4 1 1
536 36 3 5 1
537 50 2 5 1
537 48 3 4 0
537 27 5 2 1
541 6 4 4 1
543 62 2 4 0
546 36 5 1 0
546 62 4 5 0
548 44 4 2 0
548 46 1 1 1
550 48 5 5 1
551 64 2 3 0
552 12 1 1 0
553 81 2 5 1
560 81 3 3 0
560 61 1 1 0
562 76 2 3 0
563 13 5 2 1
563 10 1 2 0
568 1 2 1 1
574 13 5 1 0
574 27 1 5 1
574 51 3 5 0
575 16 4 2 1
576 42 3 3 0
576 43 1 5 1
577 14 2 1 1
578 27 1 2 0
579 59 5 1 1
580 68 4 4 0
584 10 4 3 1
586 78 5 3 0
586 26 2 4 1
587 39 1 2 1
588 62 1 4 1
588 84 3 1 0
590 44 1 2 0
591 66 2 2 0
593 37 1 1 1
597 32 3 1 0
599 80 5 4 1
601 10 5 5 1
604 52 4 5 1
606 59 5 1 0
607 70 1 1 1
609 83 5 1 0
614 16 4 5 1
614 38 5 5 0
615 82 4 4 0
617 70 5 5 1
618 10 2 4 0
618 60 5 5 0
619 58 4 1 1
620 52 1 4 0
621 16 1 4 1
630 12 3 5 0
634 52 3 1 0
637 11 4 3 1
637 60 4 5 1
638 30 4 3 1
638 53 5 5 1
639 59 3 3 0
639 5 4 5 1
640 60 2 3 1
641 63 1 5 0
641 6 3 3 0
641 20 1 3 0
642 4 1 1 0
645 55 4 3 0
646 32 5 5 1
646 77 4 1 1
647 20 2 5 0
650 4 4 4 0
650 14 4 5 1
651 37 3 4 1
652 21 3 2 1
653 49 3 1 1
654 46 1 3 0
657 36 1 2 0
659 2 3 4 1
660 41 5 5 0
662 75 5 1 0
663 38 3 3 1
667 56 4 5 0
669 62 1 4 0
670 76 2 5 1
671 40 2 2 0
673 83 2 4 0
674 82 3 2 1
677 27 4 4 0
679 32 1 4 0
680 30 5 2 1
682 10 1 1 0
682 11 2 5 1
683 65 5 1 0
684 25 1 5 1
684 73 5 1 0
687 63 3 3 1
687 52 1 5 1
689 26 3 3 0
689 65 5 1 1
689 73 3 3 0
698 63 5 4 1
698 67 1 3 1
700 71 4 1 0
701 50 2 1 0
703 17 4 5 1
705 37 3 4 1
706 66 5 2 0
709 18 4 2 1
712 6 4 2 1
712 81 4 5 1
716 45 3 4 0
716 39 2 2 1
716 64 3 5 1
717 16 1 5 0
719 60 5 5 0
721 26 5 3 0
723 15 4 5 1
724 17 3 3 1
725 38 3 2 1
726 60 3 2 0
727 41 4 1 1
728 64 2 3 0
728 60 3 3 0
732 57 5 1 0
732 44 2 5 0
732 43 1 5 0
733 50 2 5 0
735 48 2 4 0
737 17 4 2 0
740 5 1 4 0
741 57 3 3 1
741 81 3 5 1
748 49 2 3 0
748 49 3 2 0
749 40 2 3 1
750 42 4 4 1
750 58 5 1 0
751 35 5 1 1
751 69 4 1 1
753 74 3 4 1
753 33 2 3 0
757 5 5 4 1
758 6 3 5 1
760 9 2 2 0
760 51 2 3 1
761 54 5 2 0
761 10 5 4 1
761 28 4 5 1
765 70 2 1 0
766 44 2 3 0
766 39 3 3 0
768 50 2 3 0
771 7 3 5 1
771 24 5 2 1
774 57 4 5 1
775 5 4 5 0
775 69 1 1 1
779 31 1 5 1
780 73 3 1 1
780 59 2 4 0
780 8 4 5 0
781 46 2 3 0
783 4 4 3 0
783 39 2 2 0
783 9 1 4 0
786 9 3 1 1
787 75 2 2 0
790 52 5 3 1
790 58 4 1 1
790 48 4 3 0
791 51 4 1 1
791 4 4 2 0
794 64 1 1 1
797 61 2 4 0
797 65 4 3 0
797 21 3 3 1
801 30 4 5 1
801 64 1 1 0
804 62 2 5 0
808 69 3 3 0
810 30 1 2 0
813 17 4 2 1
816 78 3 4 0
817 62 2 5 1
817 56 3 2 0
819 67 2 5 0
820 77 3 2 1
822 16 1 2 0
824 26 5 2 1
825 19 4 5 1
829 31 3 1 1
829 3 1 2 0
831 23 1 2 0
834 1 2 1 1
835 65 4 3 0
837 2 2 3 1
838 30 2 3 0
838 7 2 5 0
840 21 3 2 1
840 78 5 2 1
844 47 4 3 1
845 47 2 5 1
845 12 1 4 1
847 38 5 4 1
849 55 4 4 1
850 67 4 2 1
850 35 4 5 0
853 4 3 5 1
853 50 5 3 0
854 31 4 3 0
855 59 3 2 1
855 12 3 4 0
856 10 2 2 1
858 50 2 3 1
859 4 5 2 0
859 41 3 3 0
860 11 1 2 0
861 69 3 2 1
867 80 5 3 0
867 6 3 2 1
867 64 3 1 0
869 18 1 4 1
869 3 4 2 1
872 58 1 3 1
873 19 1 4 1
878 16 2 5 0
878 63 5 3 1
880 36 4 2 1
881 5 4 1 1
883 81 5 4 0
884 63 4 3 1
889 34 1 3 0
890 53 5 2 1
891 12 3 1 1
892 59 4 5 1
893 30 3 5 1
894 69 3 3 0
895 32 2 2 0
895 77 3 2 0
898 32 2 4 0
898 10 3 5 1
899 83 2 4 1
899 68 1 2 1
899 18 5 1 0
901 50 1 5 1
902 83 3 2 0
902 84 2 3 0
903 8 5 1 1
905 33 1 3 1
909 75 2 3 0
910 76 3 3 1
912 81 4 3 0
913 14 4 2 1
915 9 3 3 0
919 47 2 3 0
921 71 2 1 1
922 3 1 5 0
923 23 4 3 1
923 82 4 5 1
924 56 1 4 1
926 19 3 5 0
926 18 5 3 0
927 54 5 5 1
930 31 5 4 1
930 50 1 2 0
931 34 3 1 1
932 20 4 4 0
933 45 2 1 0
935 16 1 2 1
942 81 4 3 1
943 32 5 1 1
943 18 2 1 0
944 81 5 3 1
944 18 1 5 0
947 52 2 1 1
950 76 4 4 0
950 32 3 1 1
951 36 2 2 0
951 49 5 1 0
951 70 2 4 1
952 68 1 1 1
952 16 2 3 0
956 70 4 5 1
957 20 4 3 1
960 43 4 2 0
961 80 1 2 1
961 59 3 5 1
961 3 4 2 1
962 44 2 2 1
962 40 5 5 0
964 40 4 4 0
965 7 5 2 0
968 56 3 3 1
970 38 5 5 1
970 52 1 5 0
971 46 3 1 0
971 60 3 4 1
974 6 3 5 1
976 58 5 4 0
979 3 2 4 1
980 79 2 4 1
982 45 5 3 0
983 22 2 2 1
985 36 1 4 1
989 72 1 3 0
993 7 2 1 1
995 62 4 1 1
995 56 2 2 1
996 9 2 2 1
997 56 1 4 1
999 34 4 1 1
999 82 1 4 1
999 51 4 3 1
999 60 2 3 0
999 9 2 1 0
96 834
1 27 1 3 1
2 10 3 4 1
2 9 2 2 0
8 92 3 1 0
8 96 3 1 0
13 67 5 4 1
13 42 5 3 0
13 65 4 1 1
15 14 2 2 0
15 38 1 3 1
16 89 5 2 1
18 91 5 1 1
19 84 4 4 0
19 73 5 3 0
19 75 3 4 0
20 34 3 2 1
22 70 5 4 0
24 21 2 3 1
26 28 2 1 0
28 75 5 3 1
28 91 3 2 0
28 10 1 4 0
28 23 2 5 1
32 32 5 5 1
32 12 3 2 0
32 2 1 2 0
32 70 1 3 1
32 69 3 1 1
32 55 4 3 0
35 18 1 4 0
35 1 1 3 1
36 47 4 2 1
39 42 5 1 0
40 13 5 2 0
41 42 2 1 0
43 52 4 3 0
43 53 3 1 1
43 95 2 2 1
44 70 5 5 1
45 26 3 2 1
47 86 3 1 0
48 58 2 1 1
49 23 2 4 0
50 85 3 3 0
50 58 5 2 1
53 92 5 5 0
56 90 4 4 0
57 35 2 3 0
57 47 4 2 0
58 7 2 1 0
60 81 5 4 0
60 59 1 1 1
61 77 3 3 1
62 80 2 3 0
63 35 5 3 0
66 80 1 4 1
68 61 2 2 1
69 92 5 4 0
72 72 4 5 1
74 60 4 1 1
75 83 2 5 1
75 20 1 2 0
77 72 4 5 1
77 6 3 2 1
77 88 3 2 0
79 66 5 2 0
79 85 2 4 1
82 56 3 4 0
83 28 5 2 0
85 41 2 2 1
85 69 2 3 0
87 58 1 4 0
88 53 3 4 0
88 80 3 4 1
91 56 3 2 0
93 51 2 4 1
95 10 3 1 1
95 75 1 3 0
96 7 5 4 1
96 1 5 1 1
97 89 2 1 0
98 30 2 3 1
102 96 1 1 0
103 54 3 1 1
107 84 1 3 1
107 13 2 5 1
107 15 3 2 0
109 79 4 2 1
109 72 1 4 1
110 11 2 4 1
110 95 2 5 1
110 10 4 1 1
111 80 3 4 1
111 50 4 1 0
111 23 4 4 1
112 60 4 3 1
112 66 5 1 0
112 56 4 5 1
114 66 1 1 1
114 18 2 1 1
118 35 3 3 1
119 81 5 5 0
120 44 1 4 1
121 27 5 5 0
122 88 2 5 1
122 25 2 3 0
124 61 5 1 0
125 15 4 4 1
126 81 2 2 1
126 81 3 3 1
128 89 4 4 0
130 87 2 3 0
131 11 2 2 1
135 80 3 3 0
136 80 5 4 0
137 91 1 2 0
137 74 2 1 0
138 95 5 3 0
140 70 3 5 0
141 62 3 1 1
142 94 2 1 1
143 30 1 3 0
143 72 3 3 1
143 51 2 5 0
143 96 1 4 0
149 46 4 5 1
149 17 2 1 0
151 12 1 5 1
153 26 1 1 1
154 3 2 4 1
155 40 4 5 1
156 87 1 1 0
157 47 4 3 1
161 18 3 5 0
163 96 3 5 1
163 45 5 5 1
164 71 4 4 1
165 71 5 1 0
166 88 1 2 1
169 52 1 5 0
169 15 4 4 1
171 50 3 4 0
176 42 1 5 1
176 71 5 1 1
178 17 2 4 0
179 70 1 3 0
182 64 1 4 1
183 47 4 5 1
184 69 5 4 0
185 5 3 1 1
185 17 2 3 1
185 56 1 5 1
185 19 4 1 1
186 54 2 5 1
188 62 4 3 1
190 50 3 4 0
192 74 5 1 0
193 15 4 1 1
194 82 5 4 0
196 11 2 2 1
199 63 2 2 0
201 51 3 4 1
201 87 3 4 1
201 46 1 1 1
201 83 5 5 0
203 89 2 4 0
206 63 5 5 1
211 71 3 1 1
213 80 4 1 0
215 56 3 3 1
219 31 4 4 0
220 36 4 3 0
220 18 5 4 0
221 84 5 5 0
222 59 3 3 1
224 20 1 4 1
224 71 2 5 1
224 87 2 5 0
225 47 4 1 0
226 60 2 1 0
226 26 4 3 0
228 60 2 2 0
231 93 2 1 1
232 43 5 5 1
232 51 4 4 1
234 18 2 2 0
236 45 4 3 0
238 95 1 1 0
241 55 2 1 1
242 72 2 2 1
244 11 3 4 0
246 27 3 1 0
248 49 5 4 0
249 78 3 2 1
249 83 3 1 0
253 54 2 4 0
254 78 3 2 1
255 70 1 1 0
256 29 2 4 1
257 30 1 5 1
258 95 3 4 0
259 49 1 1 0
262 9 3 4 0
263 40 5 1 0
263 38 1 5 0
264 33 1 3 0
264 74 5 2 0
267 86 4 4 0
267 50 2 5 1
270 23 3 2 0
270 55 5 5 0
271 73 5 4 1
274 94 3 4 1
275 86 4 1 0
278 12 5 1 1
278 76 1 5 1
280 73 5 2 0
284 72 4 1 0
285 16 3 4 1
285 1 3 5 1
285 59 2 2 0
288 53 3 5 0
288 13 5 4 1
289 81 4 2 0
289 10 2 2 1
289 49 5 3 0
290 10 1 4 1
291 25 4 1 1
294 1 4 1 0
295 62 2 1 1
295 27 2 2 1
297 17 1 3 0
297 63 3 4 0
298 71 2 1 0
299 71 5 3 1
301 90 5 3 1
301 83 4 1 1
302 51 3 1 1
302 37 2 4 1
303 95 5 1 1
303 67 1 3 1
304 85 5 4 0
306 60 4 5 1
307 86 5 3 0
317 26 3 3 0
318 47 5 5 1
320 35 2 3 1
324 74 1 3 1
326 40 1 2 0
326 46 4 5 0
326 3 1 4 1
327 35 1 2 1
327 11 5 5 1
328 52 1 5 0
328 67 4 4 0
330 26 1 4 0
330 84 2 1 0
334 21 1 2 1
334 70 4 3 0
336 17 4 1 1
336 62 2 5 1
338 25 5 2 1
338 27 3 2 0
339 18 1 2 1
339 39 4 1 0
341 14 3 1 0
341 19 3 2 0
342 12 3 1 1
343 25 2 2 1
343 3 2 1 0
344 50 3 4 0
344 89 3 1 0
344 18 3 4 0
345 3 1 1 0
345 31 4 3 1
346 69 2 2 0
346 40 3 5 1
349 80 2 2 0
349 15 3 3 1
353 75 2 5 1
354 64 1 1 0
355 84 5 3 0
356 85 2 5 0
356 28 4 2 1
357 95 4 2 1
360 42 3 2 1
360 73 3 1 0
361 50 1 3 0
363 40 1 5 0
363 9 4 2 0
364 14 2 4 1
365 69 3 5 0
366 58 4 5 1
366 71 2 1 1
366 32 1 3 0
366 32 3 4 1
366 33 2 5 0
370 72 1 5 0
371 31 3 3 0
372 9 4 5 0
374 44 5 5 0
374 43 3 4 1
376 2 4 2 1
376 84 2 4 1
377 43 4 5 1
377 93 5 1 1
379 22 1 2 0
379 15 2 1 0
381 47 3 4 1
382 49 2 3 0
384 55 3 3 1
384 61 2 5 1
385 66 3 2 0
386 77 3 3 0
386 9 3 5 0
387 63 3 2 0
388 66 5 4 0
388 56 1 1 1
389 67 4 1 1
392 92 2 1 0
394 77 2 4 0
396 60 1 4 1
397 32 2 5 0
399 48 4 3 0
401 82 2 3 1
402 7 5 1 1
402 55 3 5 0
403 52 1 4 1
403 28 3 2 1
403 16 3 5 0
405 40 2 3 0
407 31 5 2 1
408 96 2 3 1
408 41 4 4 1
409 48 4 3 0
410 23 2 2 1
414 14 1 4 1
415 4 5 2 1
416 85 3 4 0
416 92 2 2 1
418 4 3 4 0
419 43 1 2 0
419 27 4 4 1
420 37 3 5 0
420 65 2 3 1
420 4 1 5 1
421 45 1 5 1
422 96 4 5 1
424 93 4 1 1
424 29 5 5 0
424 36 3 3 1
425 56 1 2 0
430 67 4 3 1
431 54 3 1 1
432 41 4 2 0
432 35 5 4 0
434 89 3 3 0
435 29 2 4 1
436 82 5 3 0
437 41 2 2 0
438 13 5 2 0
440 74 1 1 0
442 76 2 1 1
442 58 4 1 1
443 70 2 5 1
443 25 5 3 1
444 14 2 3 0
447 18 2 1 0
448 76 1 4 0
451 5 4 4 0
452 71 3 4 0
452 54 3 2 1
454 25 3 4 0
456 57 1 5 0
459 53 2 1 0
460 54 1 1 0
461 37 5 1 0
461 52 2 2 0
461 6 4 1 0
462 7 2 3 0
463 91 3 4 0
464 30 4 5 0
464 80 2 3 0
466 53 5 3 1
470 91 1 5 0
470 61 4 1 1
470 43 3 4 1
470 52 3 3 0
471 47 1 5 1
471 80 1 3 1
473 83 2 3 0
474 26 2 4 1
474 18 3 1 1
475 51 5 2 1
478 93 4 2 0
479 62 5 4 1
480 25 3 1 0
482 5 4 2 1
484 32 5 2 1
486 88 3 5 0
489 23 3 1 0
492 51 3 1 1
493 21 2 4 0
493 53 3 2 0
494 77 2 3 0
494 4 3 2 0
495 93 5 3 1
495 21 4 3 0
496 19 4 4 0
496 27 1 4 1
496 30 3 1 1
496 16 2 5 0
497 86 5 3 1
497 67 2 3 0
498 30 5 5 1
499 44 2 3 0
499 55 4 1 0
500 61 5 5 1
503 93 2 1 0
507 5 1 4 1
508 93 4 1 1
508 27 2 4 0
508 10 5 3 1
510 40 2 5 0
511 63 5 4 0
511 45 1 1 0
513 96 4 1 0
515 38 4 3 1
518 63 1 3 1
520 13 2 3 0
522 43 2 2 1
523 16 2 4 0
523 17 4 4 1
524 25 4 3 1
527 5 4 3 1
527 96 4 3 1
528 56 2 3 0
530 87 3 3 0
530 39 4 4 1
530 94 4 4 1
531 31 2 2 0
532 50 1 1 1
532 47 1 4 1
534 72 1 3 1
534 39 4 2 0
534 8 4 3 0
534 16 3 3 1
535 29 3 1 0
536 69 4 4 1
537 47 3 2 0
538 67 5 2 1
539 85 2 5 0
539 38 2 1 1
539 13 5 3 1
540 61 4 5 0
541 59 1 2 1
542 61 2 4 1
545 56 5 1 0
545 56 1 1 1
547 53 1 4 0
548 38 1 5 1
549 96 1 1 0
550 87 5 1 1
552 56 1 3 0
553 84 2 2 1
553 70 1 4 0
555 11 3 5 0
556 77 4 2 0
556 43 3 3 0
557 16 1 3 1
560 77 2 2 0
560 91 5 2 1
560 69 2 5 1
560 83 2 4 1
561 32 2 4 1
561 4 4 4 1
562 22 3 5 0
563 95 4 5 0
565 47 5 3 0
566 92 1 3 1
567 79 4 1 1
568 72 5 1 0
574 42 5 3 1
575 55 2 1 1
575 41 1 1 0
576 33 2 2 1
576 42 2 3 1
578 24 3 5 0
578 86 1 5 1
578 46 3 1 1
580 77 4 3 1
580 9 4 1 1
581 16 5 2 1
581 40 3 1 1
583 26 2 4 0
583 14 1 1 1
587 4 3 4 1
588 96 1 3 0
589 19 3 4 0
591 14 2 3 1
591 63 2 4 0
591 18 2 4 0
592 64 2 5 1
595 73 5 2 1
596 11 4 5 0
598 40 4 1 1
598 7 2 3 1
600 5 2 2 0
600 54 1 2 0
601 40 5 4 1
602 62 1 2 0
606 15 2 1 1
607 22 2 5 1
609 76 1 5 0
609 96 1 5 0
609 20 2 2 1
610 3 2 5 0
610 96 1 3 0
610 11 1 4 1
610 43 2 2 1
611 11 4 3 0
613 63 4 1 0
614 94 1 5 1
616 27 1 3 1
616 35 3 5 0
617 79 3 5 0
619 78 2 1 1
621 48 2 3 0
621 57 1 1 1
621 81 3 1 1
623 93 5 5 0
624 15 1 4 0
627 38 3 5 1
628 17 2 1 1
628 94 4 3 0
628 16 1 4 1
630 4 3 1 0
632 87 1 4 1
632 1 4 2 1
634 45 4 1 1
635 41 2 2 1
635 61 4 1 0
635 5 1 5 1
636 86 2 5 0
636 56 3 1 0
638 60 2 3 1
639 39 1 5 0
639 72 2 4 0
639 19 3 1 1
641 74 4 4 1
643 81 2 1 0
644 13 2 1 1
645 15 4 4 0
646 16 3 2 1
648 16 3 1 1
648 71 1 5 1
651 62 3 2 0
651 38 4 2 1
653 26 2 5 1
653 65 1 3 1
654 30 1 1 1
654 72 3 2 1
655 88 1 4 1
657 84 3 3 1
658 48 2 2 0
658 93 2 5 0
658 71 4 1 0
659 40 3 3 1
660 44 4 2 1
661 22 4 4 0
661 96 2 4 0
661 36 5 1 1
662 61 4 1 1
665 74 2 1 1
668 88 2 3 1
668 26 2 4 1
670 13 5 1 1
672 87 3 3 1
673 49 4 1 0
674 57 2 2 1
675 75 2 5 1
675 82 3 5 1
677 10 2 5 0
681 73 5 1 0
682 20 2 4 0
683 72 2 5 1
683 2 5 3 1
685 31 5 2 1
685 33 4 2 1
688 39 3 3 1
688 90 1 2 0
688 48 1 1 1
689 24 5 3 1
690 93 5 2 1
691 51 4 2 0
692 44 3 3 1
696 59 5 3 0
697 79 3 3 1
698 68 1 3 0
699 66 2 1 0
701 22 1 1 1
703 17 3 4 0
703 55 3 2 1
704 39 3 1 0
706 68 3 5 1
706 36 2 1 1
707 3 1 2 0
707 24 5 3 1
707 34 4 3 1
708 21 2 2 0
709 49 2 4 1
711 59 4 1 1
713 87 2 3 1
714 95 4 1 0
717 76 4 3 0
718 55 5 2 1
721 40 5 4 1
721 51 3 5 1
722 89 4 4 0
722 10 4 1 0
724 93 5 4 0
724 85 3 1 0
725 6 1 2 0
725 11 2 3 1
726 49 2 4 1
727 78 4 4 0
727 10 5 4 0
728 8 2 5 1
729 83 5 1 0
729 33 3 3 1
729 79 3 3 1
730 10 4 4 1
734 46 5 4 0
737 17 3 2 0
737 25 2 4 1
737 25 2 1 1
737 64 3 2 0
738 58 5 3 0
738 11 2 4 0
743 18 3 3 0
744 96 1 2 0
744 25 3 1 0
744 87 1 2 1
745 72 1 5 0
745 63 4 3 1
745 38 4 1 1
746 91 2 4 0
747 22 2 2 1
747 20 5 4 0
748 33 1 3 0
748 49 5 3 1
749 53 3 4 1
751 70 5 1 1
751 20 4 2 0
751 45 2 5 0
753 44 4 5 0
754 29 1 3 1
757 34 1 1 1
758 87 5 3 1
759 28 4 5 1
759 2 4 4 1
761 67 4 1 0
762 59 2 1 1
762 36 2 3 1
762 74 1 5 0
765 69 1 2 0
767 62 3 1 1
769 42 3 1 1
773 25 5 5 0
773 7 2 2 0
777 20 2 2 1
778 24 2 2 1
778 67 1 1 1
780 19 5 4 0
785 19 4 2 0
786 13 5 5 1
786 20 4 2 1
787 81 4 2 1
788 93 4 3 0
788 4 3 2 1
789 43 4 3 1
789 14 2 3 1
791 71 4 5 1
792 26 1 2 0
793 69 2 4 0
795 91 5 2 0
797 29 1 2 0
797 75 3 2 1
799 22 2 2 0
802 10 4 3 0
802 8 5 2 1
804 56 4 4 0
805 24 1 3 0
808 59 5 2 0
808 29 2 5 0
808 78 3 3 1
815 43 3 5 0
816 49 5 4 1
817 88 4 3 0
818 36 5 4 1
818 23 5 2 1
819 58 4 2 1
822 32 2 1 0
824 44 3 5 0
824 35 1 1 0
826 75 1 2 0
829 54 2 4 0
830 18 2 5 1
831 20 2 4 0
831 85 2 1 0
831 41 5 4 0
832 42 3 3 1
833 54 2 1 1
835 68 4 1 1
836 67 4 2 1
839 83 2 1 1
840 22 5 3 0
841 47 1 5 0
842 4 1 1 1
852 41 4 4 1
853 82 5 1 0
855 5 3 5 1
856 29 3 5 1
859 30 2 4 0
859 62 2 3 0
859 74 1 3 0
860 41 2 2 0
861 13 1 1 0
864 11 3 5 0
867 35 1 3 1
867 61 1 2 0
869 13 3 5 0
870 24 4 4 0
873 86 4 2 1
873 51 2 2 1
876 64 5 1 1
876 70 5 5 0
876 92 4 4 1
877 68 1 1 1
879 50 5 2 1
881 49 2 1 1
881 16 5 3 0
882 21 3 1 1
883 21 3 3 1
884 64 5 1 0
886 51 2 5 1
887 14 2 1 1
888 28 3 5 1
890 62 5 2 0
891 49 5 3 1
892 46 4 2 1
892 94 5 3 0
895 89 1 4 1
898 77 2 4 1
900 85 1 5 1
901 65 3 4 1
902 79 1 4 1
902 50 1 1 1
905 12 2 2 0
907 75 4 4 1
909 89 3 5 1
909 71 3 1 1
910 78 4 1 0
912 55 3 2 0
914 25 3 2 0
916 41 1 4 0
917 62 4 1 0
917 58 2 1 1
919 42 1 3 1
920 81 4 3 1
921 68 2 4 0
923 24 4 4 1
925 31 5 2 1
927 45 3 1 0
929 43 1 5 0
929 31 5 1 1
930 72 1 4 0
931 20 2 2 0
931 23 5 1 0
932 16 4 4 0
937 84 3 1 1
942 8 2 2 1
943 64 4 3 1
946 15 1 5 1
947 86 2 2 0
951 92 3 4 0
952 16 2 4 0
952 92 2 4 0
957 58 1 3 1
959 54 4 4 0
960 94 3 4 1
961 41 1 3 0
961 8 3 5 1
962 9 2 2 0
963 90 2 4 0
964 64 5 4 0
964 25 5 4 0
965 30 5 4 1
965 86 1 5 1
966 73 4 1 1
967 95 1 5 0
968 25 3 2 1
968 53 2 4 1
969 39 2 1 1
971 94 4 3 0
973 41 3 1 0
974 67 3 2 0
975 11 3 5 0
975 46 1 5 0
976 96 4 5 1
977 16 3 1 0
977 46 1 3 1
978 62 3 2 0
979 19 4 4 1
979 28 1 2 0
982 52 1 2 0
985 49 5 3 0
986 63 3 5 1
986 89 5 4 1
987 75 5 2 0
988 62 1 5 0
989 40 5 3 0
990 71 3 4 0
990 25 3 5 1
992 53 4 2 1
993 26 1 2 1
994 77 1 3 1
996 64 3 3 1
997 41 5 1 1
997 43 5 4 1
999 19 5 2 1
999 75 5 1 1
999 71 3 1 0
1000 65 2 4 1
89 560
1 38 5 3 0
5 29 2 3 0
5 21 3 1 1
5 71 3 1 1
7 23 3 4 1
8 20 4 2 1
8 54 4 5 0
9 59 3 5 0
10 4 1 2 0
13 43 2 4 0
13 75 1 3 1
17 5 3 1 0
17 46 5 1 0
18 29 3 2 0
20 56 2 4 1
22 18 3 4 1
24 6 3 1 0
25 37 1 4 1
28 10 5 2 1
29 77 2 2 0
35 59 4 2 0
37 69 3 5 1
39 28 1 3 1
39 45 2 3 1
40 32 2 5 1
41 20 5 2 0
42 64 4 2 0
44 11 1 3 0
46 66 1 1 0
46 28 5 2 1
48 60 1 3 1
50 11 5 2 1
51 36 1 2 1
58 46 5 1 1
59 21 3 5 1
60 1 4 3 1
61 48 2 1 1
62 25 4 3 0
63 35 2 1 0
64 21 4 3 0
64 75 5 3 1
65 83 2 4 0
66 35 3 5 1
69 79 5 3 1
75 31 2 3 1
77 12 2 4 0
77 79 1 4 0
81 45 3 3 0
84 82 2 2 0
86 44 3 3 1
87 11 2 4 0
87 49 2 4 0
88 58 3 5 0
91 82 1 4 1
91 2 3 1 1
93 50 1 4 1
97 72 5 5 0
98 5 1 2 0
98 39 2 4 0
99 47 4 5 1
105 8 4 1 0
109 19 1 3 0
111 40 5 2 1
112 49 1 1 1
113 49 3 4 1
113 12 4 5 0
119 67 1 2 1
119 75 4 3 1
122 49 2 3 1
122 26 1 1 0
123 50 1 1 1
126 46 5 4 0
128 54 4 1 1
130 9 4 2 0
131 23 5 4 0
132 81 5 2 1
132 60 1 4 1
135 80 5 4 0
135 85 1 2 0
138 18 3 2 1
138 50 1 4 1
140 33 1 2 0
142 12 5 3 0
142 71 1 1 1
145 78 2 4 0
145 9 1 4 0
145 82 4 3 1
147 13 1 3 0
148 68 1 5 1
153 27 2 1 0
153 32 5 1 1
159 55 3 4 1
163 83 3 5 0
165 78 5 1 0
166 19 4 4 1
170 69 3 4 1
172 38 3 1 1
176 2 3 4 1
177 72 4 4 1
178 48 5 1 0
180 77 3 2 0
180 89 4 4 1
180 78 4 4 0
185 84 2 3 0
185 11 4 2 0
188 52 1 2 0
188 82 1 3 1
190 84 2 3 0
190 74 5 5 1
192 43 2 3 1
193 80 5 1 0
195 52 5 2 1
196 10 4 4 1
197 65 2 3 1
200 27 2 3 1
201 24 2 3 1
202 83 1 4 1
203 72 4 1 1
204 45 4 2 1
204 45 2 2 1
205 58 2 4 1
208 54 4 5 0
209 41 2 4 1
210 59 3 5 0
210 63 4 2 1
212 13 1 4 0
215 41 1 4 1
215 24 2 2 0
216 47 3 3 0
216 65 1 5 0
217 37 3 1 1
220 23 1 3 0
222 15 3 1 1
224 50 4 5 1
225 70 1 1 0
228 3 2 4 1
229 45 4 3 0
230 12 3 4 1
233 31 1 2 1
233 55 2 1 0
233 70 2 3 1
235 64 2 2 1
235 6 1 5 1
239 89 5 3 0
239 76 3 3 1
242 32 5 5 1
242 63 1 3 0
242 52 4 4 0
243 62 2 3 1
243 15 4 3 0
243 50 2 3 1
243 69 2 3 1
246 54 5 3 0
246 41 3 1 1
251 71 3 5 0
251 46 2 4 1
252 5 4 2 0
255 20 5 5 0
263 53 2 1 0
264 31 3 1 1
266 39 1 4 0
268 1 5 4 0
268 9 4 1 0
270 62 4 5 0
272 24 4 4 1
273 39 5 4 0
276 40 4 5 0
276 88 2 5 1
276 38 4 1 0
278 58 1 4 1
281 70 2 4 1
281 27 2 4 0
290 34 5 1 1
291 33 4 4 1
291 49 5 4 1
291 80 3 3 1
293 66 1 5 0
294 71 4 2 0
294 4 5 2 1
298 76 3 3 0
303 31 3 4 1
303 41 1 3 0
306 62 4 2 1
308 41 3 1 0
308 1 4 5 1
309 37 4 5 0
311 21 4 3 1
312 5 4 3 0
314 1 3 5 1
315 74 3 2 0
317 52 1 2 0
318 89 4 2 0
318 29 3 3 1
320 75 5 2 0
322 32 1 1 0
322 6 5 1 0
324 57 5 2 1
327 36 4 5 1
329 54 3 3 1
330 16 2 3 1
330 83 5 4 1
330 86 4 5 0
330 71 4 3 1
333 22 4 2 1
335 80 2 5 0
335 11 3 1 0
336 22 5 3 0
338 41 4 5 1
339 86 3 1 1
342 3 2 3 1
343 23 2 1 1
347 3 4 2 1
350 15 2 4 1
350 79 3 2 1
351 71 4 2 1
354 88 3 5 0
355 9 2 5 0
357 8 3 3 1
358 77 5 4 0
362 86 4 5 0
366 60 5 2 0
371 30 5 4 0
371 44 3 3 1
375 39 4 4 1
379 89 2 4 0
380 49 5 1 1
381 78 1 3 1
381 6 1 3 0
386 38 3 2 1
386 58 5 5 0
386 45 1 2 1
386 27 4 3 0
388 54 1 5 0
390 8 2 5 0
392 36 5 2 0
394 63 3 1 1
395 36 2 4 0
396 57 4 1 0
396 9 2 2 0
399 89 4 1 0
404 89 2 1 1
408 49 4 3 1
410 18 3 1 0
412 86 2 3 1
412 19 1 2 0
415 15 2 4 0
417 53 3 5 1
418 20 3 3 0
418 40 5 2 0
422 22 3 4 0
424 63 1 2 1
428 48 3 5 1
429 32 2 4 0
429 70 2 2 0
429 29 2 1 0
430 19 5 5 1
432 86 1 3 0
434 73 3 1 1
435 68 4 5 1
437 9 4 5 0
440 33 3 5 1
440 47 4 1 1
442 50 5 3 0
445 62 5 4 0
447 32 5 1 0
450 2 3 4 1
452 8 5 4 0
456 62 1 3 0
457 67 5 5 1
462 24 1 3 1
463 39 3 1 0
465 72 4 2 1
467 41 2 3 0
467 45 2 2 0
468 68 3 5 0
471 84 1 5 0
473 14 2 1 1
475 37 4 2 1
477 36 1 2 1
480 63 5 3 0
480 47 5 5 0
487 12 1 3 1
488 69 2 5 0
489 31 3 5 1
489 59 2 3 0
490 39 1 5 1
495 9 1 4 1
495 78 1 1 1
498 64 1 3 1
500 15 1 4 1
501 78 4 4 1
504 27 2 3 0
508 66 3 4 0
511 57 5 3 1
515 30 2 3 0
516 21 4 1 0
516 87 1 4 0
518 74 1 3 1
518 81 4 5 0
520 40 5 1 1
530 16 2 2 0
530 20 4 4 0
535 70 5 4 0
536 18 2 5 1
536 2 4 2 1
543 63 1 2 0
548 22 4 2 0
548 48 2 2 1
551 89 4 2 1
553 2 4 3 1
555 89 1 4 1
556 35 2 3 0
560 39 2 2 1
561 85 3 3 1
561 68 2 2 0
566 83 3 1 1
569 36 5 5 0
570 65 1 5 1
572 86 5 1 1
573 37 4 4 0
573 26 3 4 0
574 49 2 3 1
576 32 5 2 0
580 85 1 4 1
582 33 2 1 1
583 39 5 3 1
587 15 2 2 1
587 16 4 4 1
591 88 2 3 1
592 76 3 1 0
601 48 3 4 0
602 17 4 3 1
605 80 3 3 1
605 87 3 1 1
606 73 3 4 1
607 14 3 3 0
609 72 2 2 0
611 64 5 4 1
611 68 5 2 0
613 79 2 3 1
614 85 5 2 1
617 83 4 4 1
618 24 5 2 0
620 57 1 5 1
620 43 3 2 1
624 37 1 4 1
627 42 4 2 0
627 31 5 3 1
627 20 3 2 1
629 8 4 3 0
631 88 5 4 0
633 19 5 5 1
633 20 1 3 1
638 32 2 5 1
638 12 2 1 0
638 21 1 1 1
638 73 5 5 0
642 68 5 4 1
645 36 1 3 0
646 35 1 4 1
649 84 4 1 0
649 41 2 1 1
650 30 1 2 1
654 1 2 4 1
657 19 4 1 0
657 6 3 2 1
658 5 2 2 0
659 77 1 2 0
660 46 5 5 0
661 74 3 2 1
663 71 4 3 1
663 43 3 1 1
664 53 4 1 0
665 14 1 2 1
666 10 3 4 1
666 16 1 3 0
667 53 4 1 0
672 60 2 2 1
674 27 2 4 1
675 35 2 4 0
677 79 3 5 1
679 39 1 2 1
682 64 5 5 1
683 87 5 1 1
683 24 1 5 1
685 3 2 1 0
686 82 5 4 0
686 39 3 1 1
687 18 1 4 1
691 55 1 1 0
692 79 5 5 0
693 11 3 4 0
697 63 5 1 0
700 88 4 5 0
701 86 2 5 0
702 5 1 2 0
702 85 4 3 0
703 7 3 2 1
705 5 4 2 0
705 72 1 3 1
707 54 3 3 1
709 48 3 1 0
717 37 3 3 1
717 44 3 2 1
728 47 5 2 1
729 12 3 4 1
731 56 5 4 1
731 86 5 1 1
731 59 2 2 1
735 64 4 3 1
736 28 1 4 0
737 11 3 4 1
741 40 3 3 0
744 16 2 3 1
744 88 1 5 0
745 68 5 1 0
746 11 2 3 1
747 4 3 3 1
747 82 3 5 0
749 83 5 4 1
758 3 2 2 1
759 25 4 4 0
762 73 4 3 1
766 23 4 2 0
767 17 3 3 0
767 36 3 1 1
768 55 3 4 1
770 2 5 3 0
770 68 2 2 0
772 4 5 5 0
772 69 2 1 0
773 19 3 1 1
773 14 2 5 0
776 41 1 4 0
777 22 3 2 0
778 30 4 3 0
780 79 1 1 1
781 25 3 4 0
784 17 5 2 1
787 43 3 1 0
787 7 3 5 0
790 46 5 4 0
790 88 1 5 1
791 82 4 5 1
792 89 1 4 0
801 81 3 1 1
802 72 1 2 0
802 33 5 1 1
804 74 3 4 1
808 63 2 5 1
809 76 5 4 0
811 68 1 5 1
812 78 1 5 0
816 83 4 5 1
817 38 1 4 1
818 77 3 5 1
828 75 1 4 1
829 87 2 5 1
830 80 1 5 0
831 78 4 1 1
835 42 1 3 0
836 17 5 5 1
837 24 5 2 1
837 28 1 3 1
841 17 5 3 1
846 31 3 4 0
847 9 3 3 1
850 47 5 3 1
850 46 1 1 1
850 6 5 4 0
852 84 1 1 1
852 4 1 1 0
853 28 3 4 1
857 86 5 2 0
858 88 4 1 0
859 26 2 4 1
860 65 2 5 0
861 73 5 2 0
864 85 5 5 1
865 73 2 2 1
871 88 5 2 0
874 85 3 1 1
877 8 3 3 1
879 86 2 5 0
881 76 1 1 1
883 84 2 4 1
884 25 2 3 0
884 79 2 1 1
885 13 1 3 0
887 69 3 5 1
889 41 4 1 0
889 40 3 4 1
890 78 3 3 1
891 11 4 2 1
892 41 5 2 1
893 23 2 1 1
901 77 2 4 0
902 4 2 5 1
903 67 2 4 1
904 62 2 4 1
904 84 2 2 1
905 11 4 5 0
905 27 4 2 0
905 17 1 3 0
906 85 1 1 1
907 70 3 5 1
909 30 5 5 0
910 76 5 2 0
912 43 3 3 1
913 39 3 3 1
914 13 5 3 1
915 65 2 5 0
918 86 3 2 0
919 64 3 2 0
922 10 4 3 1
924 68 4 5 1
924 55 1 5 1
926 45 2 5 1
927 33 1 4 1
928 16 4 1 0
929 11 5 1 1
930 85 2 2 0
931 8 3 5 0
934 39 3 2 0
939 10 5 4 1
939 61 4 3 1
941 12 1 4 0
941 32 1 4 0
942 71 1 4 1
946 36 5 3 0
954 10 2 2 1
954 59 4 2 0
955 89 2 2 0
956 47 1 3 0
959 45 1 5 0
962 36 4 1 0
963 77 2 5 1
963 50 1 3 0
964 25 2 3 1
964 35 5 2 1
964 14 4 1 0
965 89 5 3 0
966 21 5 2 1
966 66 3 4 1
968 37 5 5 0
971 52 3 1 0
973 26 5 2 0
974 76 2 1 1
979 6 4 2 0
983 75 4 2 1
985 31 3 1 1
985 18 1 2 1
985 69 1 1 0
989 48 3 4 1
991 49 5 4 1
992 21 3 2 1
992 88 3 2 1
992 9 2 1 0
993 41 2 2 0
997 43 2 3 1
86 763
2 64 4 3 1
5 74 4 5 0
6 45 1 1 1
9 21 1 2 1
10 2 4 3 1
12 30 3 4 1
15 47 5 5 0
16 85 1 3 1
17 86 3 4 1
17 14 1 4 0
18 31 1 5 0
20 53 5 4 1
22 18 5 4 1
23 72 2 2 1
28 42 5 5 1
28 80 2 4 1
30 59 1 3 0
38 48 2 4 0
39 63 5 1 1
41 51 4 3 0
42 10 3 3 1
44 59 3 4 0
45 45 2 1 0
46 24 4 1 0
46 11 1 1 0
46 56 3 1 1
46 52 4 2 0
47 33 2 3 0
50 9 2 5 0
51 47 3 1 0
52 8 4 5 1
56 49 1 4 1
58 53 1 3 1
61 7 1 5 0
61 14 2 5 0
63 82 1 5 1
63 22 2 3 0
66 34 3 3 1
66 9 4 5 1
67 33 2 2 0
70 22 4 1 1
70 79 4 1 1
71 48 2 3 0
72 65 3 3 0
76 66 4 1 1
77 40 4 3 0
77 31 2 4 0
78 33 2 1 0
78 60 5 3 1
79 4 4 1 1
79 77 2 3 1
81 63 3 1 0
81 30 5 4 1
82 66 5 3 0
82 13 2 1 1
82 22 2 1 0
83 60 2 1 1
84 11 5 5 0
86 47 2 4 0
87 82 4 1 0
88 50 3 5 0
90 24 2 5 1
92 52 3 4 0
93 53 3 4 1
94 70 5 5 0
94 80 2 3 1
97 81 4 1 1
98 23 3 5 0
101 57 5 5 0
105 32 4 1 1
105 55 1 4 0
109 48 5 2 0
109 70 1 3 0
110 35 3 1 0
110 42 5 5 0
110 63 3 3 1
112 31 1 1 1
112 81 3 5 0
115 65 5 5 0
116 53 4 5 0
118 18 3 5 0
118 40 5 3 1
119 65 2 1 1
119 84 2 5 0
120 72 3 5 1
122 59 2 3 0
123 50 4 2 1
124 47 1 2 0
124 67 2 5 1
126 6 3 4 0
127 33 1 2 1
127 81 1 4 1
128 62 4 2 0
130 73 2 5 0
131 54 3 1 0
131 31 4 1 0
133 56 5 5 0
134 31 3 1 0
136 86 5 3 1
136 12 4 1 1
137 6 4 1 1
141 72 1 1 0
141 75 1 2 1
143 28 4 5 1
144 39 3 2 1
146 80 2 5 0
147 14 1 2 0
147 7 1 3 0
149 54 5 3 1
149 72 2 1 0
149 58 2 3 1
149 25 3 3 1
150 25 5 3 0
152 55 4 4 0
153 4 5 3 1
154 47 3 4 0
159 80 2 3 1
160 8 3 2 1
161 68 4 3 0
161 40 3 5 1
165 15 1 2 1
165 21 3 4 0
167 64 2 1 0
167 68 3 4 0
169 43 1 4 1
170 27 1 3 0
170 59 3 1 1
171 21 5 1 0
171 42 4 2 1
171 69 5 1 0
172 80 2 4 0
173 40 4 2 1
173 5 4 5 0
174 57 4 5 1
175 65 1 1 0
176 84 2 3 1
178 37 2 5 0
179 11 2 3 1
179 2 5 3 1
180 79 2 5 1
180 82 2 2 0
180 65 3 2 0
181 79 5 2 0
182 16 3 1 1
182 82 5 1 1
183 37 2 4 0
184 15 3 4 0
185 41 1 2 0
186 46 3 3 0
187 41 2 4 1
188 41 5 1 1
188 34 1 1 1
190 55 4 1 0
191 23 1 3 0
192 33 2 3 0
193 34 5 5 0
196 46 5 1 0
196 77 2 2 1
197 79 2 2 0
198 65 2 4 1
198 4 5 3 0
198 26 4 4 0
198 39 4 5 0
204 11 1 3 0
206 65 5 1 0
207 53 2 3 1
209 65 1 5 1
209 25 4 5 1
212 66 3 1 0
218 7 2 2 0
219 69 4 1 1
222 55 3 5 1
228 84 2 4 1
230 1 4 4 1
233 63 1 5 1
234 9 5 2 1
234 26 3 3 1
234 18 4 1 0
236 25 5 4 0
237 1 5 5 0
237 67 5 3 1
240 2 2 2 1
241 21 4 4 1
244 79 4 2 0
244 10 3 1 0
246 84 4 3 1
252 74 3 4 1
253 79 5 3 1
254 14 3 1 0
254 39 4 3 1
257 68 2 4 1
259 67 2 1 0
261 36 2 2 0
261 28 2 2 0
262 4 2 5 0
262 50 4 5 1
264 13 4 2 1
264 34 1 2 1
265 26 2 2 0
265 43 1 1 1
266 24 5 3 0
268 37 2 4 0
268 75 4 2 1
268 40 4 5 1
269 44 3 2 0
269 77 2 1 1
275 16 3 4 1
276 74 4 5 1
277 29 5 5 0
280 12 3 4 1
282 83 5 1 0
282 56 4 1 1
285 34 5 1 0
288 56 1 3 1
289 21 5 5 1
290 54 3 5 0
293 60 3 1 1
294 65 5 3 0
294 40 1 5 1
296 62 4 4 0
298 22 1 2 0
299 23 4 4 0
301 69 1 1 0
301 43 2 2 1
302 46 4 4 0
303 18 3 3 1
303 81 4 5 0
304 26 1 3 0
306 74 1 2 0
308 40 2 3 1
309 31 2 3 0
310 57 5 4 0
310 77 3 2 0
310 7 2 3 1
310 6 4 3 1
311 66 2 5 1
313 2 1 5 1
317 39 4 5 1
318 35 1 3 0
319 44 5 1 1
321 68 1 5 1
322 65 2 2 1
322 33 5 1 0
323 9 3 4 0
325 23 5 1 1
326 27 4 1 0
328 18 2 3 0
332 71 2 5 0
332 31 4 1 1
334 40 3 2 1
335 72 3 5 1
335 70 4 3 1
336 67 1 5 0
338 17 2 4 0
338 63 5 1 0
338 35 2 5 1
338 10 1 5 0
338 60 5 3 1
338 66 4 5 0
341 29 2 4 1
342 78 1 4 0
346 37 2 3 1
347 85 4 1 0
348 5 3 2 1
349 35 1 5 0
350 61 3 5 1
351 54 4 2 0
354 65 5 4 1
355 54 3 5 0
355 48 5 4 1
356 38 5 5 0
356 19 2 3 0
357 29 4 4 0
360 7 1 2 0
362 14 5 1 1
364 48 1 4 0
365 46 3 3 1
367 40 4 3 1
368 44 2 4 1
375 54 4 3 1
375 54 4 5 1
376 25 5 2 0
377 35 1 2 0
377 9 4 2 1
379 55 5 3 0
379 19 3 2 0
384 55 4 5 0
385 7 3 2 1
385 59 2 4 0
390 51 3 5 1
393 48 1 5 1
394 60 2 2 0
396 65 1 1 0
401 53 5 1 0
401 20 3 4 1
402 3 1 2 0
402 5 1 4 0
403 50 2 4 0
403 32 1 3 1
406 55 3 3 1
406 32 2 2 0
407 31 1 3 1
407 31 4 3 0
408 42 2 3 0
410 5 3 1 1
412 68 1 5 0
413 59 1 2 0
413 15 5 4 1
413 53 5 2 1
419 63 1 2 1
420 2 1 3 0
424 50 2 5 1
425 84 5 2 1
426 72 5 4 0
426 32 5 2 1
426 55 4 2 0
429 50 4 5 1
431 77 4 5 0
432 30 4 1 0
432 41 3 4 0
433 54 3 5 1
433 76 4 2 0
435 29 4 5 1
435 42 2 4 0
437 37 3 4 0
438 9 5 2 1
440 60 1 4 1
446 17 1 5 1
446 81 4 1 0
448 18 4 5 0
449 8 2 1 0
450 58 2 4 0
452 19 3 1 1
455 18 4 5 0
457 38 1 4 1
459 31 3 1 0
462 58 1 4 1
463 28 4 4 0
465 45 3 3 1
465 81 4 2 1
469 14 4 3 1
471 16 2 3 0
471 50 2 1 1
471 40 5 5 1
473 68 5 3 0
473 31 4 2 0
475 12 4 3 0
476 78 2 3 1
477 29 1 5 1
478 67 5 3 0
480 12 1 4 0
480 54 5 2 1
483 13 4 1 0
484 51 2 2 0
485 85 1 4 1
485 15 2 4 1
486 7 4 2 1
486 14 4 3 1
488 79 1 5 1
488 57 1 2 1
489 14 2 2 0
493 17 2 2 1
494 59 2 2 0
495 22 5 3 0
495 82 4 4 1
496 58 4 2 1
496 18 1 1 1
497 5 5 4 1
499 20 2 5 0
500 20 4 1 1
501 44 3 4 0
501 69 4 4 1
502 7 4 5 0
503 86 1 5 1
504 53 3 4 1
505 65 1 4 0
507 66 2 3 1
510 46 3 5 1
511 45 4 3 1
512 65 3 4 0
513 75 5 4 0
515 38 5 3 1
517 48 4 2 1
519 75 2 5 0
519 39 3 3 1
521 52 5 4 0
521 71 5 1 0
521 66 5 4 1
522 56 1 1 0
524 26 3 2 0
529 78 2 5 1
532 12 4 1 1
534 16 2 3 0
535 73 2 4 1
535 59 5 5 1
535 31 4 5 0
535 56 5 1 0
536 51 3 1 1
539 55 1 2 0
544 26 2 5 1
546 10 3 3 1
549 61 3 3 0
550 86 5 1 1
550 12 1 5 1
550 50 1 5 1
554 34 1 3 0
554 38 5 5 0
555 31 3 4 1
555 14 2 1 0
556 32 3 4 0
558 19 4 5 1
561 85 4 1 1
562 54 5 2 1
564 17 4 1 1
564 23 2 4 0
567 70 1 5 1
568 38 5 2 1
569 31 1 3 0
569 19 4 4 1
570 84 2 4 0
570 20 2 4 0
571 31 2 3 1
571 51 4 2 0
576 52 1 1 1
577 39 2 5 1
581 71 5 4 1
581 79 3 5 1
584 62 2 2 1
584 21 4 3 1
588 60 3 4 1
590 71 4 2 1
591 38 4 4 0
592 21 3 2 0
595 63 3 5 0
596 28 2 3 0
597 52 2 1 1
600 63 2 3 1
602 3 5 3 0
603 52 1 2 0
604 63 3 4 1
604 84 1 1 0
605 37 2 1 0
608 78 1 4 0
609 41 4 3 0
609 30 3 5 0
612 48 4 1 0
613 1 4 4 0
614 37 5 1 0
614 69 4 4 0
614 75 1 2 0
615 44 5 2 1
615 65 2 1 1
616 3 4 4 1
616 78 2 4 1
618 26 4 4 1
621 82 5 5 0
622 70 3 3 0
623 73 2 5 1
623 17 4 3 1
623 20 3 4 0
624 71 2 2 1
624 16 4 4 1
625 36 4 5 0
626 9 1 4 1
627 43 1 5 1
628 53 5 5 1
630 57 2 1 0
633 15 4 4 0
633 37 2 3 1
633 2 5 4 0
636 5 5 2 1
636 49 3 5 0
636 78 4 5 0
637 73 4 5 1
639 64 2 5 0
640 80 3 1 1
642 28 5 4 1
644 56 1 4 0
646 64 3 5 0
648 24 5 1 1
649 2 4 2 0
649 20 3 5 0
650 77 3 2 1
650 85 4 1 0
652 82 2 1 0
652 62 4 5 1
656 68 5 5 0
660 7 2 3 0
660 40 2 3 1
661 64 4 3 1
661 42 1 5 1
661 13 1 2 0
664 57 3 5 0
664 45 4 3 0
665 5 5 4 0
665 8 5 1 1
666 23 1 3 0
666 36 1 2 0
666 16 5 2 1
667 51 1 5 0
668 72 1 2 0
668 8 2 4 1
669 21 2 4 0
669 45 2 5 0
672 52 4 3 0
673 29 1 3 1
674 77 4 4 1
678 73 1 4 1
678 65 5 3 1
680 36 2 5 1
681 18 3 5 1
681 13 3 5 0
684 80 1 2 0
687 57 2 5 0
687 37 3 3 0
688 83 1 3 1
691 19 1 2 0
691 82 1 4 1
694 76 2 5 1
695 20 2 2 0
696 3 5 3 1
696 24 1 4 1
697 15 2 5 1
699 73 1 5 1
699 70 3 3 0
699 73 2 4 1
699 8 5 2 1
701 20 3 1 0
703 21 5 1 1
706 46 4 2 1
706 76 1 1 0
708 72 3 1 1
712 12 5 1 0
717 10 1 3 1
717 39 3 1 0
720 38 5 1 1
721 73 2 2 0
722 7 5 2 1
722 59 4 5 1
724 38 3 4 0
725 77 4 1 1
725 71 4 2 1
727 54 4 2 0
728 56 2 1 0
728 54 4 1 1
728 53 2 2 1
730 5 3 2 1
732 19 3 3 0
732 47 5 2 1
733 28 2 4 1
733 57 1 2 0
735 49 1 3 1
735 10 3 2 1
736 10 3 5 0
737 46 4 2 1
739 18 4 3 1
739 48 2 5 1
740 10 3 4 0
740 82 1 3 1
741 70 3 3 1
741 58 3 4 0
741 34 4 2 1
743 76 1 1 1
744 7 5 3 1
746 83 2 1 0
747 41 3 4 1
748 67 2 5 1
748 15 1 5 1
748 83 1 5 1
749 40 1 4 0
751 54 4 3 1
753 62 4 3 0
753 60 5 2 0
754 74 4 5 0
757 16 4 3 1
760 68 1 3 0
761 83 4 4 0
762 41 1 3 1
762 77 4 3 0
763 45 2 2 1
764 67 4 2 1
765 61 5 3 0
766 2 1 1 0
767 80 4 3 0
771 27 1 4 1
771 74 2 4 1
772 45 2 3 1
776 39 5 2 1
776 63 3 2 1
778 28 1 2 0
780 70 3 3 0
784 52 5 3 1
785 6 3 2 1
786 1 2 2 0
786 30 5 2 0
786 58 1 4 0
787 52 5 1 1
790 81 2 4 1
791 3 3 4 0
791 19 3 1 0
792 49 2 5 0
793 16 3 1 1
793 24 2 4 0
793 12 1 1 1
794 37 5 4 0
796 26 2 4 0
796 11 5 5 1
798 21 2 4 1
800 64 1 2 1
806 35 2 5 0
807 49 5 4 1
808 43 4 4 0
809 34 3 3 1
809 73 2 3 1
814 84 3 3 1
816 27 1 4 0
819 6 2 3 0
822 82 4 2 0
822 73 3 1 0
825 63 4 5 0
825 11 3 3 0
827 70 5 3 0
827 67 1 1 0
828 10 5 5 0
828 79 1 2 0
828 57 3 2 0
829 71 2 4 0
829 16 2 3 0
831 23 4 4 0
832 3 1 5 1
832 7 1 5 1
832 75 1 5 1
833 11 2 1 0
835 83 4 4 0
837 61 2 5 1
837 35 4 4 1
838 21 1 1 0
840 79 1 1 1
841 26 4 3 1
849 70 3 2 0
851 45 4 4 1
852 14 2 1 0
854 30 2 3 1
855 34 3 5 0
856 3 2 2 0
857 85 2 3 0
860 64 3 3 0
864 10 1 3 1
865 64 1 5 1
865 52 2 2 0
865 73 4 2 1
867 76 1 2 0
867 35 4 5 0
867 75 1 5 0
867 66 3 3 0
867 36 1 5 0
868 77 2 1 1
868 30 4 3 0
869 64 4 4 0
870 13 2 1 0
871 82 2 5 1
873 53 5 2 1
873 9 1 2 1
873 60 2 5 1
874 19 3 3 1
874 64 3 4 1
874 55 3 1 1
875 17 2 3 0
876 41 2 5 1
878 23 2 1 1
879 53 4 2 0
880 74 3 1 1
881 9 4 2 1
883 49 5 4 1
884 49 3 4 0
888 30 3 4 1
891 1 3 5 1
891 66 5 4 1
893 79 4 5 1
893 52 1 5 1
893 2 1 4 0
894 70 1 2 1
894 8 5 1 0
898 43 3 2 1
899 3 4 3 1
900 38 5 3 1
901 6 3 5 0
902 43 1 5 0
902 76 2 1 1
903 50 1 3 0
905 14 2 1 1
905 2 2 2 0
905 61 3 2 1
905 7 1 2 0
910 18 2 5 0
913 1 4 3 1
913 28 2 1 1
915 70 1 3 1
916 34 3 3 0
917 85 5 3 0
917 15 4 3 1
918 26 1 4 1
919 34 4 5 1
919 35 1 5 0
922 58 3 1 1
923 40 4 5 1
924 83 1 5 1
925 72 4 1 0
927 81 1 5 1
927 55 2 1 1
928 50 1 2 1
928 82 4 5 0
930 47 5 3 1
932 40 1 1 0
932 50 1 3 1
933 30 1 1 1
935 46 4 4 0
936 6 2 2 0
937 13 5 2 0
942 62 2 4 0
942 39 1 3 1
944 12 3 1 1
945 6 4 3 1
945 1 3 4 1
946 55 3 2 1
948 43 4 5 0
949 6 5 3 0
952 36 2 4 1
952 46 1 2 1
952 80 4 5 0
955 70 4 2 1
959 74 3 3 0
959 6 5 3 1
959 54 3 3 1
960 43 5 1 0
960 16 5 2 0
961 66 2 4 0
965 5 5 2 1
965 61 4 1 0
966 18 2 5 0
969 37 2 1 0
971 11 3 3 1
973 43 1 1 0
974 5 2 3 1
977 37 3 2 1
977 74 3 3 0
980 19 5 3 1
983 32 1 2 0
983 86 3 2 1
984 32 3 5 0
986 73 5 5 1
986 12 4 5 1
991 32 3 2 0
992 35 1 3 0
992 42 2 3 0
993 36 3 3 1
994 12 2 5 1
994 39 1 1 0
994 51 3 5 0
996 69 3 3 0
996 42 4 5 0
997 30 4 1 1
997 69 1 2 0
84 776
1 48 4 5 0
1 54 3 1 0
3 67 4 1 1
5 30 5 3 0
5 1 5 4 0
7 7 1 3 1
13 18 4 4 0
13 17 3 2 0
13 16 5 4 0
15 72 3 1 1
16 55 1 3 0
18 26 4 5 0
19 61 3 3 0
21 71 3 3 0
24 17 5 5 1
27 54 1 5 1
27 2 3 2 0
28 79 1 3 1
29 6 1 4 0
30 79 2 2 1
31 62 1 1 1
33 14 5 2 0
33 55 5 1 0
35 69 2 5 1
36 55 1 4 0
36 53 3 3 0
36 39 4 3 1
36 50 1 5 0
38 33 3 5 1
40 60 5 5 1
41 58 1 5 0
42 47 2 4 1
42 51 4 3 1
42 9 1 1 0
43 25 1 5 1
44 65 2 5 0
45 64 1 5 0
45 1 4 3 0
47 4 2 1 0
50 75 3 4 0
50 7 4 3 0
50 5 4 1 1
52 3 2 3 1
52 59 3 3 0
52 23 1 3 0
52 25 5 1 0
54 27 4 2 1
54 31 1 1 0
56 33 1 4 1
57 83 4 2 1
57 40 3 4 0
63 24 4 3 1
65 53 1 4 1
65 35 4 2 0
66 48 1 3 0
67 18 5 2 1
68 78 3 2 0
68 79 1 4 1
69 71 1 2 0
70 70 5 5 1
70 16 3 4 1
72 55 3 1 0
74 60 2 4 1
78 36 2 4 1
81 46 5 2 1
81 21 5 2 0
81 43 1 3 0
85 61 5 4 0
85 10 4 1 0
87 48 4 2 0
89 76 5 3 1
89 18 1 5 1
92 3 1 2 1
96 33 4 3 1
97 12 2 5 0
99 17 4 5 1
100 18 4 5 1
101 82 3 1 1
102 73 5 3 1
103 79 1 2 1
105 22 3 1 1
106 21 1 2 1
108 29 5 4 1
112 9 2 2 0
112 27 5 5 1
113 27 5 3 1
115 30 3 1 1
119 46 5 3 1
121 6 2 1 1
122 59 4 5 0
122 43 1 4 1
122 81 3 3 1
122 25 2 3 0
125 25 4 5 1
127 5 5 2 1
131 15 3 1 1
131 70 3 3 1
134 32 1 3 0
137 37 5 3 0
138 30 5 2 1
144 59 3 1 1
144 72 1 5 1
145 74 4 4 0
148 84 3 2 0
148 52 1 5 0
149 25 3 2 0
149 33 1 5 1
151 33 2 5 0
152 28 1 5 0
153 58 2 1 0
155 63 5 3 0
155 25 5 2 0
158 6 3 2 0
162 12 5 5 0
162 68 3 4 0
163 71 4 3 0
163 20 3 1 1
164 13 5 4 1
169 66 3 2 1
169 35 4 5 0
171 43 1 1 0
172 49 2 5 0
174 26 2 4 1
175 56 5 1 1
176 38 5 3 0
177 35 1 5 1
178 39 3 3 1
179 28 5 1 0
180 31 2 1 0
181 83 5 4 0
181 15 2 1 1
183 59 5 3 1
185 40 2 1 1
187 77 5 5 1
188 24 2 3 0
188 45 1 2 1
188 57 5 2 0
189 74 4 2 0
190 43 5 3 1
191 60 1 4 0
191 32 5 5 1
194 12 2 5 0
196 49 5 1 0
197 26 2 3 1
198 39 2 2 1
198 26 1 2 1
200 17 4 3 0
202 74 2 4 0
203 20 2 3 1
203 57 1 3 0
205 32 3 2 0
205 61 5 3 1
206 2 3 1 1
207 74 3 3 0
207 78 1 4 0
208 27 1 1 1
209 50 4 5 1
211 1 5 5 1
211 5 3 3 0
211 25 3 3 0
212 12 4 5 1
212 66 2 2 0
213 79 1 4 0
215 79 5 3 1
217 79 5 1 0
218 24 5 1 1
219 80 3 5 0
219 48 1 5 1
222 10 5 1 1
223 65 4 1 0
228 70 2 1 0
228 78 4 3 0
229 29 3 1 1
229 52 3 3 1
231 15 1 3 0
234 72 2 1 0
235 73 4 1 0
235 73 3 4 0
237 36 1 2 0
238 73 1 4 1
241 5 3 5 1
244 32 4 2 1
247 22 2 4 1
247 24 1 5 1
250 13 1 5 0
250 62 2 5 1
250 76 3 2 1
251 37 2 4 0
254 10 3 4 1
255 15 4 2 1
255 45 3 5 0
256 21 2 3 0
257 67 1 5 0
261 57 2 5 0
262 69 5 1 0
262 14 3 5 1
262 30 5 3 1
265 53 1 1 0
267 38 1 4 1
267 13 2 3 1
269 54 3 3 1
270 4 4 5 0
272 44 2 3 0
276 33 1 4 0
276 71 5 4 0
277 13 1 5 0
279 47 1 2 1
279 17 2 2 0
281 51 1 3 0
281 64 5 3 1
285 48 5 4 0
285 48 1 4 0
286 14 1 4 0
286 42 3 1 0
286 35 2 4 1
288 67 3 5 0
288 47 1 5 0
289 16 1 5 0
290 19 3 3 0
290 49 3 4 1
291 79 1 4 0
291 54 1 2 1
293 22 1 3 0
293 34 2 5 0
294 72 1 4 1
296 37 4 4 0
296 62 2 2 1
296 61 4 1 1
297 10 4 3 1
297 74 1 2 0
299 5 5 2 1
300 44 4 4 1
301 17 3 4 0
302 75 3 2 0
303 28 4 4 0
305 9 1 1 1
307 41 1 1 0
307 20 5 1 0
309 53 5 3 1
313 82 4 1 0
313 10 1 2 0
317 2 4 3 0
322 51 1 2 0
324 80 1 3 1
325 15 3 3 0
325 82 3 5 1
327 74 2 5 0
329 40 3 3 0
330 70 2 3 0
333 42 5 4 0
335 38 4 1 1
340 43 1 1 0
343 74 1 1 0
343 12 1 5 1
344 32 3 3 0
344 51 5 5 1
344 5 1 2 1
344 27 5 5 1
345 81 3 5 1
345 49 2 1 0
345 84 2 5 0
346 18 2 5 0
347 13 2 1 0
347 6 3 5 1
348 23 4 3 0
350 6 3 1 0
353 39 2 5 1
355 13 5 3 1
355 29 3 5 1
356 15 5 1 1
359 28 2 2 1
360 30 1 3 1
362 1 5 4 1
363 50 4 5 1
363 39 3 1 0
365 56 1 3 1
365 23 1 2 0
366 69 5 3 0
366 82 3 5 0
368 18 4 5 1
368 58 3 5 0
368 66 3 2 0
368 13 4 4 1
369 71 1 4 0
370 36 4 2 0
372 28 1 3 1
373 35 3 3 0
377 47 3 5 0
377 47 2 4 1
379 61 5 1 1
380 12 3 3 1
380 67 2 4 1
380 52 5 2 1
383 26 5 3 1
384 11 4 4 0
384 25 3 5 1
385 43 3 3 1
386 46 5 3 1
387 21 1 2 1
388 13 5 1 1
388 22 1 2 1
390 11 1 2 0
390 4 3 3 0
391 59 3 5 1
391 82 3 1 0
391 71 2 5 1
392 24 4 1 1
394 68 1 2 0
395 42 4 4 1
397 56 3 4 1
397 37 4 1 0
398 64 5 4 0
398 37 2 5 0
399 55 3 4 1
399 42 1 3 0
399 54 2 3 0
400 2 3 1 0
402 53 3 5 1
405 27 2 4 1
407 52 3 3 1
409 10 4 4 0
413 66 1 5 0
415 50 1 1 0
418 45 5 1 1
418 9 4 5 1
419 77 2 5 0
419 45 2 4 0
421 42 3 1 0
422 8 3 1 1
423 70 3 1 0
424 77 4 3 0
425 76 3 1 1
425 81 2 2 0
427 38 5 5 0
428 52 4 2 1
428 12 2 4 0
428 84 2 1 0
429 2 4 1 1
431 62 4 2 1
431 22 1 1 0
431 26 3 3 1
432 51 5 3 0
432 26 3 4 0
432 78 5 3 0
432 24 1 3 1
433 24 5 1 0
434 66 4 2 0
435 69 3 5 1
436 29 4 4 0
442 82 1 2 1
442 58 3 5 1
447 72 3 5 0
447 63 5 2 1
449 45 5 1 0
451 49 5 1 0
452 35 2 1 1
452 34 2 3 0
452 72 3 4 1
453 76 4 3 1
453 5 5 1 1
453 31 5 4 0
457 21 5 1 0
458 13 2 4 1
459 76 2 3 1
461 53 1 4 0
461 18 4 2 0
462 45 5 2 0
464 22 1 1 0
464 27 1 1 1
464 65 3 5 1
465 22 2 5 1
467 29 1 5 1
469 71 2 1 1
470 35 3 4 0
470 20 5 4 1
475 53 4 4 1
476 65 1 4 1
476 18 2 3 1
477 22 1 3 0
478 80 4 3 1
480 80 5 4 0
481 30 1 5 1
482 62 4 4 1
483 34 5 5 0
483 55 4 2 1
483 10 5 4 0
484 80 2 4 1
484 63 3 5 1
486 31 1 5 1
492 42 1 4 0
493 2 3 1 0
494 49 5 4 0
495 25 1 2 1
496 42 3 4 0
496 18 2 3 0
496 58 3 5 1
496 5 5 5 1
498 20 5 3 1
501 55 4 1 1
503 58 3 3 0
503 56 3 3 1
504 26 4 1 1
506 2 3 2 1
507 64 3 4 1
508 67 4 2 0
508 17 4 3 0
513 70 2 5 0
518 11 3 2 0
519 29 5 5 1
521 41 5 4 1
522 10 5 5 0
522 80 1 3 1
526 51 4 3 1
528 4 3 5 0
528 73 3 4 1
528 23 4 5 1
528 62 3 1 1
528 18 3 2 1
530 51 5 3 1
530 72 3 4 1
532 45 4 5 0
533 28 3 3 1
533 81 5 3 0
535 15 4 2 0
537 43 2 3 1
538 75 5 1 1
540 37 3 4 1
541 38 2 3 0
541 58 2 1 1
544 36 3 4 1
547 38 4 2 0
548 70 3 3 0
549 62 1 4 1
550 78 2 2 0
551 10 5 1 1
553 46 4 4 1
556 26 2 5 0
557 10 1 5 1
558 27 2 3 0
558 9 1 4 0
559 2 2 5 0
559 46 1 1 0
561 69 4 5 0
562 43 3 3 1
563 72 2 3 1
564 27 4 5 0
564 52 2 4 0
565 38 1 2 0
566 39 1 4 1
567 80 1 2 1
571 36 5 2 0
575 52 4 5 0
575 61 2 3 0
576 62 1 4 1
578 21 1 4 0
580 47 4 1 0
580 81 3 1 1
580 45 1 2 0
581 35 2 3 1
583 79 3 1 0
586 22 3 5 1
587 15 1 3 0
588 6 4 3 1
588 49 1 4 1
590 40 4 5 0
591 76 2 3 1
592 83 3 2 0
592 53 2 1 1
594 17 2 1 0
595 84 5 3 0
597 76 1 4 1
598 32 2 3 1
598 73 1 2 0
600 48 2 4 1
600 17 3 3 1
603 7 1 4 0
607 1 3 3 1
607 70 2 2 1
607 35 5 4 1
611 7 5 3 0
611 80 4 2 1
612 55 1 3 0
612 74 1 5 0
614 65 4 1 1
618 33 4 5 1
618 60 2 5 1
619 80 4 4 0
619 23 4 3 1
621 67 3 2 1
621 62 5 3 0
622 45 1 4 1
623 56 2 5 1
624 23 1 4 0
629 19 3 2 1
633 75 2 1 1
634 12 2 4 1
634 9 5 1 1
636 57 4 5 1
637 27 5 2 0
639 77 1 3 1
639 46 5 5 0
641 41 2 3 1
641 34 5 5 1
641 28 4 1 0
642 22 2 1 1
643 60 5 5 0
644 74 2 3 0
645 33 1 3 0
646 68 4 3 0
647 48 1 1 0
647 49 5 4 1
647 47 4 3 0
648 71 1 5 1
649 2 1 1 1
649 25 4 4 0
650 23 3 2 1
651 71 3 3 0
652 35 5 3 0
652 57 5 5 0
653 53 4 1 0
654 43 3 1 1
654 45 2 3 1
655 19 4 2 0
655 76 5 3 0
659 13 2 3 0
659 4 1 5 0
662 1 4 5 0
664 49 3 5 0
665 39 5 1 0
666 17 3 3 0
668 44 5 3 1
670 35 4 3 1
670 65 2 4 0
671 17 1 1 0
673 3 3 3 1
675 80 1 4 0
675 76 1 4 1
675 11 4 3 0
676 59 1 3 1
676 32 2 1 0
679 64 5 3 0
679 33 3 4 0
681 18 1 3 1
683 66 3 1 1
684 62 1 5 1
684 7 2 5 0
685 32 3 3 0
685 44 1 5 0
686 43 4 3 1
687 60 3 3 1
687 59 4 5 0
688 72 2 1 1
688 35 5 5 0
692 56 1 4 0
692 84 4 3 0
693 7 2 1 1
693 4 3 5 1
694 58 5 1 1
698 9 5 1 1
699 13 2 5 0
699 38 5 2 1
701 2 1 2 0
701 38 1 4 1
702 25 1 3 1
702 9 3 4 0
704 47 3 1 1
706 36 4 3 1
707 49 3 4 1
707 33 3 1 1
707 21 5 1 1
710 21 1 5 0
716 59 4 5 0
718 17 3 1 0
718 47 1 5 0
718 81 3 1 0
720 55 5 5 0
721 74 1 4 1
722 23 4 3 1
722 65 4 5 0
725 28 3 4 1
730 8 1 4 0
731 71 4 4 0
733 73 3 4 0
735 79 3 4 1
736 52 3 5 1
738 49 4 1 1
738 38 4 2 0
739 60 3 1 0
739 63 5 5 1
740 56 5 1 1
741 60 1 4 0
742 24 5 4 0
742 71 1 3 1
744 74 3 2 0
744 23 5 2 1
746 48 5 5 0
746 46 3 2 1
747 7 2 1 0
748 4 5 4 1
748 24 5 5 1
751 50 4 1 0
751 67 5 5 0
752 59 4 5 0
752 70 2 3 1
753 69 3 3 0
754 8 2 5 1
754 43 3 2 0
754 5 5 4 1
756 5 2 5 0
756 24 1 3 1
757 62 4 3 1
757 65 2 1 0
759 22 2 5 0
761 67 5 2 0
764 50 3 3 0
765 39 2 4 0
766 36 1 4 0
769 19 1 1 0
769 77 1 2 1
773 71 3 1 0
776 71 3 1 1
780 10 2 3 0
782 15 5 4 1
782 80 4 4 0
785 13 1 5 0
787 25 2 5 0
788 69 5 2 0
789 20 1 5 0
789 8 2 4 0
791 66 5 1 0
791 54 4 1 1
793 35 1 2 0
794 4 5 5 1
795 36 2 4 0
798 22 1 4 0
799 31 3 2 0
800 35 2 1 1
800 60 1 3 1
800 52 5 1 1
801 28 4 5 0
802 76 2 2 0
803 26 2 2 1
803 81 2 4 1
803 46 2 1 1
804 54 5 5 1
806 44 2 5 0
807 41 2 3 0
808 56 3 3 0
809 19 2 5 0
811 33 1 4 0
811 24 3 5 0
814 65 2 5 0
815 57 5 5 0
815 45 1 5 1
819 63 1 5 1
820 68 4 2 0
820 18 1 5 0
820 2 1 4 1
822 50 4 1 0
823 49 4 3 0
824 72 5 3 0
824 11 4 1 1
825 77 4 4 0
826 77 5 5 0
829 44 1 2 0
830 80 2 1 0
831 53 3 3 1
833 56 2 4 0
839 45 5 1 0
842 63 3 4 0
842 56 1 3 0
845 54 4 1 0
846 50 5 4 1
848 61 2 3 1
849 59 5 2 1
851 64 2 2 1
852 50 5 3 0
855 51 2 5 1
855 43 2 3 1
856 41 2 3 1
856 27 3 3 0
857 17 5 3 1
857 10 1 5 0
858 75 3 4 0
859 22 4 5 1
859 17 1 5 1
860 64 2 2 1
861 18 5 3 1
861 68 4 1 0
861 40 5 3 1
864 60 4 3 1
865 26 1 5 1
865 72 3 5 0
871 49 5 4 1
872 35 3 1 0
873 62 3 5 1
875 71 2 2 1
878 50 3 3 0
878 29 2 1 1
881 6 4 3 1
882 81 5 2 1
883 29 5 5 0
885 35 5 4 1
886 46 2 1 0
888 8 1 2 1
890 75 5 2 1
892 7 3 3 1
893 36 5 4 0
895 41 3 2 0
897 55 3 1 0
900 63 1 3 1
901 8 1 5 1
905 15 5 3 1
905 43 4 1 0
905 65 3 2 1
908 54 3 3 0
909 77 4 3 0
910 82 4 3 0
910 44 4 3 0
918 2 3 4 0
919 34 2 4 1
919 14 4 1 1
923 69 3 2 1
923 42 2 3 1
927 42 5 3 1
927 5 4 2 1
927 81 3 1 0
929 26 4 1 0
929 27 2 1 0
932 14 3 4 1
938 69 5 4 1
940 66 1 3 0
941 62 1 4 1
942 27 3 4 0
942 75 1 3 0
946 23 4 3 0
948 77 1 5 1
951 10 3 2 0
951 57 1 3 1
952 14 4 2 0
954 37 4 3 1
955 44 2 2 1
955 79 5 5 0
958 27 2 3 0
962 6 4 3 1
962 25 1 2 1
964 82 2 4 0
966 50 2 5 1
966 34 5 2 0
968 19 3 2 1
968 1 3 1 0
969 62 1 1 1
970 53 3 5 1
970 34 2 1 1
970 23 1 3 0
972 19 4 2 0
972 62 1 3 0
973 2 2 4 1
973 46 5 1 0
975 30 4 3 1
976 50 3 5 0
976 73 2 2 0
978 70 1 5 0
979 19 3 5 0
979 76 4 5 0
979 80 2 4 1
982 59 4 1 0
983 64 5 1 1
987 29 3 4 1
987 42 3 5 0
990 65 5 2 1
992 50 5 2 1
993 68 2 1 1
995 13 2 1 1
998 14 1 3 1
999 19 4 1 1
