10
73 1
629 955 976 583 807 142 13 601 750 66 797 468 516 853 380 200 685 314 35 748 618 928 462 313 171 971
940 813 258 913 563 189 209 133 755 686 115 188 295 985 483 276 835 564 305 867 285 224 193 20 334 191
664 628 325 691 530 313 7 379 312 25 821 753 655 392 503 780 340 202 842 319 650 679 224 239 112 540
398 957 865 866 242 292 181 882 158 602 140 867 170 289 387 282 563 111 760 591 896 584 859 411 810 231
64 510 158 641 417 949 962 687 551 763 716 474 820 240 781 656 200 512 126 907 719 543 320 806 325 528
850 676 169 168 963 804 137 912 269 482 398 694 918 522 428 178 532 379 548 542 550 844 313 239 699 545
715 293 429 326 555 813 630 974 588 957 878 613 807 436 585 150 631 949 956 458 224 255 171 381 381 728
487 792 534 444 56 923 254 333 729 294 922 335 473 911 301 364 645 199 271 846 465 497 359 975 894 54
497 212 623 427 149 114 878 617 643 955 888 408 461 561 155 116 346 636 709 35 687 511 802 828 278 770
430 293 173 684 717 570 34 269 813 128 125 835 425 228 575 817 236 962 458 621 377 81 795 903 824 334
673 109 552 481 211 991 245 691 386 175 935 288 335 60 278 542 586 969 768 782 117 763 538 899 175 828
669 877 708 153 994 218 271 829 972 652 256 644 779 97 413 989 756 930 601 194 108 8 224 330 277 382
902 75 752 22 864 649 350 619 895 253 764 380 1 250 455 993 60 94 122 453 829 708 342 733 219 464
800 232 50 301 889 808 658 892 429 519 769 776 641 321 110 378 250 770 91 753 420 368 675 456 792 58
692 683 983 290 351 997 87 213 226 410 535 433 366 201 11 831 190 458 17 851 95 893 677 755 468 542
186 627 762 438 343 459 886 195 262 981 32 7 267 456 797 792 174 684 436 325 578 754 505 716 948 311
725 272 694 803 533 870 328 558 64 780 889 417 204 46 637 904 962 424 401 184 485 389 502 317 561 301
546 264 598 50 552 193 871 105 505 698 937 315 93 853 656 935 713 10 408 179 345 573 642 341 996 523
724 931 697 967 525 266 664 883 941 675 863 409 910 256 552 960 394 49 309 745 307 754 146 388 185 764
859 30 965 30 775 541 964 204 595 633 512 466 433 823 978 291 53 467 296 723 415 133 800 855 922 764
543 446 319 419 589 214 72 887 241 618 685 982 772 587 582 121 522 912 704 550 268 994 120 40 622 199
525 458 967 487 38 269 949 590 246 707 939 992 628 498 678 382 830 48 457 625 813 156 413 474 259 863
43 388 317 925 276 80 659 701 934 985 30 292 492 514 889 623 463 114 37 423 314 696 906 729 13 840
369 610 46 726 405 114 651 769 940 941 7 639 610 589 569 220 788 22 651 213 475 713 296 907 820 153
453 854 804 341 486 410 790 867 324 37 478 776 97 447 965 866 349 137 671 223 3 33 209 193 256 471
796 715 728 565 647 198 668 405 196 341 214 783 837 640 473 471 364 638 567 851 694 715 698 386 179 767
2429857669459654273277377458433643235984285354349393329942236334662427392
61 1
267 400 808 34 81 916 669 732 208 218 624 59 696 212 674 779 84 352 684 386 208 229 646 707 968 589
19 546 636 680 462 605 112 441 28 436 307 487 529 763 870 834 23 553 293 31 302 114 561 598 176 473
266 331 198 350 972 262 565 98 930 831 439 52 890 205 158 919 467 742 982 134 717 442 535 604 107 876
651 150 948 580 523 624 366 150 607 775 805 998 912 743 486 866 546 643 600 516 395 24 320 98 801 239
651 900 274 705 654 777 239 22 772 766 299 161 713 330 452 528 758 274 717 699 161 371 411 114 89 865
163 988 789 729 462 794 316 825 818 626 349 260 869 468 514 751 753 257 389 26 854 732 45 558 210 281
403 286 268 79 675 343 842 920 171 826 796 591 166 356 136 7 305 562 900 415 333 23 85 569 913 405
968 778 282 278 56 652 902 328 449 886 684 914 747 755 798 504 110 304 115 690 707 603 243 355 716 396
723 947 454 465 499 236 284 410 655 494 982 623 383 156 413 3 98 268 737 144 855 478 239 391 845 606
380 766 533 844 218 677 783 943 785 259 526 204 118 314 850 45 760 508 23 820 792 96 743 334 227 77
488 911 813 290 178 294 815 683 90 314 278 615 730 103 633 825 199 241 189 425 965 538 593 214 819 344
906 521 455 872 639 172 143 71 887 52 235 524 212 664 844 975 452 471 64 387 333 59 769 443 703 209
260 237 894 335 742 786 98 248 390 904 354 912 676 683 291 997 508 979 807 178 914 249 72 183 701 367
385 393 382 469 917 788 258 368 390 630 123 535 852 625 942 189 758 892 643 89 26 648 429 701 471 531
799 692 886 311 424 945 28 142 935 78 390 949 647 115 345 762 224 695 692 256 484 19 336 839 491 64
536 707 27 723 784 186 813 261 319 90 55 65 692 156 359 935 791 891 552 866 102 902 659 501 274 938
178 867 968 555 490 644 329 102 991 811 337 17 888 625 672 417 893 292 584 924 107 8 349 210 113 480
233 903 478 154 740 478 988 738 790 648 628 343 801 216 302 206 852 439 320 20 649 870 861 430 320 540
660 714 296 906 812 46 583 444 606 530 712 59 195 389 321 289 303 893 544 457 924 59 162 903 823 129
13 799 361 917 960 967 754 50 672 725 176 394 554 813 385 402 56 239 273 747 691 776 367 370 434 18
832 358 904 184 909 923 611 603 896 806 162 442 243 246 490 581 381 303 825 765 447 374 390 169 233 838
555 372 735 72 124 506 450 867 793 186 818 365 909 973 923 479 719 80 826 23 825 615 988 300 178 270
171 623 561 503 894 175 933 731 721 123 297 761 36 729 785 54 167 524 180 108 425 345 468 798 688 222
787 625 379 260 338 178 382 935 700 610 611 534 300 534 872 535 322 659 965 79 966 639 856 317 11 168
976 13 244 128 629 84 504 39 511 820 16 566 525 958 787 787 603 465 588 216 193 132 900 102 523 940
321 916 831 658 825 656 254 784 598 698 706 592 397 164 937 254 885 649 444 605 688 733 470 920 636 280
2447392846854653825832388983648657529332328398472562443822622
77 1
570 741 47 667 441 536 894 58 796 147 242 910 639 240 919 557 512 910 503 326 464 810 689 876 495 809
620 771 468 421 375 440 326 43 839 21 222 947 2 395 591 869 625 297 57 222 66 988 978 109 333 830
538 419 680 406 171 361 387 715 500 983 388 192 121 322 667 56 624 529 835 855 733 827 110 752 27 522
921 36 823 445 15 472 807 437 488 606 773 356 591 199 676 481 355 593 767 620 768 24 756 194 931 440
686 131 646 231 138 837 537 150 321 201 914 655 999 192 255 280 639 675 907 488 70 402 74 616 224 52
294 366 408 380 819 53 25 954 274 476 512 580 167 452 968 981 885 371 869 171 839 26 616 944 661 590
573 893 790 113 202 324 127 718 7 218 56 611 367 44 499 823 755 754 254 601 245 578 619 690 174 444
681 380 939 76 26 415 528 818 320 383 814 31 204 345 196 121 911 173 505 148 77 137 232 777 242 388
471 407 837 933 806 59 163 728 823 834 694 427 318 213 314 17 545 384 431 756 594 530 389 790 67 857
544 320 987 207 493 161 364 302 367 608 350 81 476 537 286 200 903 504 908 271 602 76 859 974 766 968
280 229 191 381 236 356 870 55 171 536 64 206 403 997 313 13 165 427 166 125 496 274 336 43 697 79
49 743 193 727 387 885 340 468 552 117 698 509 337 46 554 516 20 221 984 961 847 293 820 336 872 396
535 251 950 110 472 10 684 782 788 413 427 86 106 629 316 208 474 93 922 629 291 739 143 324 963 17
80 321 198 678 48 273 935 658 225 384 225 708 383 463 135 522 711 447 415 423 553 19 885 811 22 97
432 114 289 746 34 344 496 416 713 838 160 472 960 602 481 814 145 316 853 950 978 978 970 319 990 507
117 342 549 11 989 616 254 791 339 430 55 611 242 285 918 759 16 966 873 642 27 592 870 4 964 785
574 488 627 713 445 794 713 647 835 237 227 152 954 962 463 977 342 832 652 822 56 800 786 537 426 701
743 477 641 902 239 883 313 69 30 853 380 511 6 607 859 507 26 322 655 62 537 882 750 103 965 870
288 560 176 721 848 397 351 509 890 568 922 547 957 90 134 865 861 377 365 21 459 290 535 24 189 799
483 877 723 82 615 800 545 256 425 876 806 1000 462 679 898 998 22 841 387 701 74 732 591 245 705 865
48 365 950 147 84 398 179 495 88 527 401 416 472 586 629 825 859 725 803 573 304 593 549 800 904 947
350 857 57 295 229 48 362 399 303 622 354 594 266 550 502 818 447 487 758 150 672 714 845 93 491 750
707 567 391 997 482 780 378 692 454 718 112 331 450 664 602 201 729 487 313 448 55 386 494 318 993 429
895 359 892 405 326 374 834 467 815 663 517 567 406 291 533 252 397 898 386 20 654 23 184 316 523 461
627 334 104 249 504 138 120 389 642 11 719 838 873 326 401 230 860 356 614 152 26 183 892 953 275 337
31 385 662 205 632 421 305 418 170 179 407 847 904 490 801 63 386 585 860 137 152 265 446 999 319 988
85385359986875552678822648966567482723533745654327263459757746837829767845424
64 1
893 213 535 595 643 140 745 225 598 127 141 77 877 486 780 774 863 485 383 725 447 225 47 475 754 341
784 400 171 671 603 559 421 481 198 450 477 856 686 307 526 355 281 662 246 662 275 603 596 89 576 500
465 163 114 801 68 187 405 551 996 532 380 308 552 971 492 397 787 296 92 472 712 483 445 124 351 100
331 101 410 422 736 35 48 426 388 391 846 379 768 263 34 933 188 950 719 84 263 848 8 905 314 36
806 404 252 159 93 908 42 253 87 879 159 591 878 879 932 298 485 887 63 161 599 661 2 364 636 671
525 463 73 714 355 404 396 689 880 7 804 624 263 484 506 664 994 281 201 137 113 882 803 299 407 12
6 105 378 677 290 619 430 561 873 479 162 824 168 595 317 750 185 399 732 286 10 355 565 349 542 798
527 880 387 665 614 978 203 463 763 924 542 685 42 561 716 910 747 902 615 490 647 254 587 686 170 533
719 1000 386 957 357 935 561 455 777 466 404 98 488 340 848 1000 261 15 773 968 335 652 999 19 339 991
714 212 825 205 248 329 92 561 485 327 879 22 844 486 12 210 902 600 58 321 767 502 388 920 679 329
545 823 279 404 341 634 538 88 17 781 681 985 274 808 169 455 315 283 961 16 687 148 936 380 477 356
650 109 591 941 1000 812 726 442 338 28 825 287 903 896 697 570 198 373 56 1000 198 234 231 959 910 878
151 148 25 955 748 279 471 475 763 461 224 318 452 372 927 685 195 110 230 493 454 955 899 507 580 449
549 897 911 752 321 330 94 721 144 705 227 665 530 252 497 161 786 363 441 940 68 946 982 189 450 467
397 147 599 768 385 181 727 797 937 652 841 608 916 376 44 167 685 138 463 223 336 46 229 814 265 45
6 636 699 878 141 759 28 388 6 649 988 957 601 645 727 868 20 930 245 50 450 977 850 329 2 570
213 706 511 178 917 607 321 608 571 6 247 191 253 914 131 6 860 532 745 876 930 591 454 215 321 570
4 536 760 567 628 217 25 870 506 397 694 922 815 28 292 848 917 613 675 719 61 736 650 899 417 342
811 296 357 421 431 17 169 883 947 189 893 461 311 562 384 85 714 425 299 694 472 864 275 27 614 31
985 931 158 159 325 496 364 347 242 327 765 748 4 213 556 256 410 885 734 43 465 839 162 732 51 946
271 319 487 542 944 595 317 380 816 477 262 28 905 629 91 81 205 533 122 592 66 128 828 390 110 32
456 537 874 142 894 195 210 163 35 749 255 391 369 931 561 929 793 13 374 743 978 740 27 794 621 83
295 862 496 115 693 541 914 905 807 161 936 942 9 378 852 260 365 11 722 762 594 140 129 48 108 323
201 521 129 540 806 716 258 852 101 119 716 880 178 665 662 358 88 744 881 326 683 659 920 713 644 59
541 858 218 411 769 508 289 450 833 733 889 419 610 216 878 41 922 296 409 867 334 174 857 994 677 574
798 602 597 50 671 942 728 90 576 469 209 63 484 539 362 869 450 284 46 661 567 250 21 392 371 667
2237975842684785653775997366638725729625294677723636863666366352
89 1
394 156 85 379 735 154 904 36 762 322 199 914 282 421 766 597 280 350 373 471 867 427 369 376 23 969
247 622 638 997 979 558 812 316 723 735 712 832 693 440 389 627 869 37 557 102 109 61 303 694 421 150
204 938 180 358 65 974 921 481 691 848 792 347 676 931 515 280 167 254 768 392 75 791 591 442 404 470
935 517 884 858 77 595 931 300 731 162 867 604 537 665 358 975 425 145 199 843 30 548 273 954 315 596
940 499 950 210 809 676 994 355 547 590 977 325 717 868 861 745 652 10 647 252 840 987 9 11 621 20
776 557 190 645 300 918 687 517 362 883 471 267 316 397 183 998 465 74 572 293 519 165 570 530 728 583
457 702 116 591 997 185 755 577 521 364 725 531 702 180 703 366 72 338 269 207 179 91 352 778 673 742
988 460 691 877 519 908 143 861 617 756 499 999 210 130 117 639 944 995 651 451 919 731 995 299 648 67
466 218 579 12 310 122 126 792 968 799 251 151 185 364 849 836 635 229 831 144 60 66 82 639 424 554
146 143 167 774 939 380 934 256 203 278 147 465 859 933 649 437 268 153 666 768 597 5 10 68 528 885
232 772 481 531 81 965 98 135 91 370 703 217 624 43 553 388 82 671 982 42 775 906 81 927 73 361
594 334 615 226 820 966 691 155 657 880 414 614 905 602 301 552 618 846 788 981 757 486 808 171 403 955
577 342 879 495 928 501 952 463 935 732 223 9 92 774 575 536 427 841 569 874 69 174 832 978 271 641
62 590 22 291 34 249 697 313 266 959 639 357 474 110 550 321 9 787 317 819 637 536 897 808 760 561
212 678 502 306 672 9 96 915 647 234 378 793 763 762 209 614 372 379 75 674 349 491 82 539 367 211
500 88 280 895 202 804 72 722 191 554 596 132 746 572 966 533 625 863 693 606 189 571 972 24 610 687
953 260 788 291 325 337 612 611 943 350 182 366 499 370 77 574 891 145 244 232 965 600 767 481 570 556
417 28 402 201 674 66 802 854 5 579 788 807 946 790 960 547 549 725 842 450 353 685 870 858 587 118
509 630 515 813 842 970 897 397 760 93 394 940 323 173 907 735 351 925 268 102 288 683 762 600 671 960
486 432 97 508 288 124 924 583 197 949 384 192 980 101 771 962 783 12 273 814 969 616 399 361 666 326
916 661 318 631 529 558 134 710 777 848 658 415 440 734 371 114 797 832 593 747 485 738 856 488 409 277
976 99 767 758 996 376 982 892 52 728 847 453 237 279 673 584 721 402 567 230 494 385 429 232 64 613
798 850 555 679 728 605 61 495 629 580 31 540 756 117 84 362 8 965 872 124 545 52 946 335 518 820
657 136 248 473 355 984 759 823 199 699 276 700 954 498 201 48 666 384 819 125 323 385 384 689 579 770
764 479 72 547 916 814 497 969 416 863 641 642 313 474 193 972 528 981 18 643 305 332 97 632 269 802
52 555 630 340 76 661 211 732 959 916 994 650 740 862 779 221 952 111 126 548 194 636 375 945 879 384
39243397988358593433754582522899933397696547769344337547734972537649497327284933735254788
92 1
730 164 771 305 798 479 94 342 841 647 643 925 824 910 467 396 446 602 788 729 114 196 825 405 329 864
313 554 397 813 192 996 252 230 932 960 85 583 435 37 63 867 387 212 686 665 221 682 366 615 688 202
280 172 348 83 327 227 858 458 912 581 313 520 219 737 566 399 310 746 347 106 293 489 443 47 333 486
499 731 870 458 209 278 959 219 706 800 991 201 821 809 356 686 83 626 975 441 899 941 794 628 950 86
824 33 307 758 482 164 843 282 13 800 938 912 646 187 663 331 266 181 249 429 341 810 739 452 639 804
905 782 97 426 770 787 255 911 570 161 163 757 114 168 720 217 199 566 51 380 267 651 534 610 353 197
184 269 730 799 681 633 424 479 575 725 715 8 871 403 254 305 168 850 777 721 81 559 620 575 205 992
497 407 973 982 513 168 537 508 703 281 813 980 265 418 827 987 279 426 953 111 957 518 40 604 906 177
161 709 596 526 18 517 825 84 919 359 172 84 589 507 319 198 817 701 424 189 313 287 139 463 492 784
17 736 474 582 529 23 171 694 535 832 52 703 807 121 453 451 370 581 799 288 106 653 469 706 70 37
669 223 354 305 152 929 937 440 227 746 785 205 612 334 522 465 168 951 149 445 209 536 386 888 832 461
221 943 785 379 65 116 317 593 169 455 662 41 592 725 782 89 291 19 154 344 914 995 545 883 398 307
522 262 287 145 241 643 941 33 141 166 395 473 727 599 163 575 358 244 947 991 153 331 839 695 793 962
98 133 48 386 851 536 444 81 630 719 946 414 155 486 400 373 680 546 660 197 219 165 224 141 867 387
325 567 36 510 972 728 966 876 525 299 961 903 457 585 175 943 593 948 616 447 13 471 31 81 710 422
354 951 400 837 650 58 414 327 934 654 171 896 690 878 700 527 100 718 500 579 862 991 659 536 130 848
131 490 494 121 163 310 555 994 138 678 959 372 491 139 627 825 972 827 828 361 371 565 612 373 24 549
969 504 596 761 888 405 52 524 469 12 323 721 987 123 571 840 589 404 862 666 112 156 968 913 632 43
427 4 824 299 557 758 49 742 599 125 633 83 336 968 313 192 837 466 429 171 215 134 379 535 420 656
642 530 98 754 629 734 679 43 569 804 406 745 345 637 614 275 995 447 609 522 595 16 478 160 954 3
147 161 233 919 69 465 134 240 36 903 359 917 156 13 380 38 221 713 348 756 971 87 303 472 658 359
360 666 804 396 6 243 581 799 251 130 257 680 828 646 78 612 862 457 465 719 413 527 282 308 227 70
562 198 164 999 374 856 981 691 651 568 124 69 762 998 338 371 893 218 762 742 627 160 85 557 728 208
189 735 271 188 31 549 40 60 132 157 257 596 600 174 245 890 123 930 221 537 48 95 779 518 456 312
610 618 584 810 636 671 421 166 449 240 10 804 557 836 813 779 678 140 150 480 427 485 82 692 392 987
200 144 371 487 421 437 371 408 598 987 703 902 178 847 635 711 908 201 658 286 693 982 315 434 320 816
76526285274443982337858685954857392555974895824944769264436526485734774565982257654479262689
83 1
201 304 696 408 369 266 194 356 513 223 562 49 473 608 494 145 551 472 214 42 727 699 851 847 147 309
321 899 124 492 291 295 677 194 681 356 806 963 579 324 196 540 756 102 702 53 370 814 102 448 804 167
250 566 461 409 686 682 947 168 175 117 762 373 334 317 685 735 77 436 63 361 287 984 843 788 41 892
949 179 627 642 999 328 468 218 775 38 199 364 720 664 710 634 352 678 886 238 54 959 267 600 899 358
3 726 305 884 715 475 433 639 404 741 704 500 688 580 299 389 152 982 133 535 64 888 178 80 238 556
56 173 684 365 954 103 161 865 252 642 351 397 34 533 529 422 992 841 437 275 594 905 613 322 260 531
230 465 803 366 608 936 378 543 998 629 281 700 428 749 758 410 203 876 247 627 723 717 631 209 138 643
653 533 96 210 260 567 478 326 61 256 889 786 47 38 914 565 161 254 276 552 135 46 45 662 108 438
779 794 50 710 720 243 686 60 433 87 794 695 395 196 372 898 981 798 164 483 589 946 405 63 288 525
155 555 157 696 581 965 49 740 634 552 870 496 636 708 741 958 914 567 158 974 421 882 320 786 263 282
604 451 879 427 287 654 776 986 300 554 797 193 587 997 91 613 622 645 998 665 372 510 566 382 566 18
750 77 238 347 452 255 225 860 394 965 60 923 438 430 697 641 608 438 718 370 625 890 13 280 942 512
503 935 827 867 437 321 573 863 72 837 889 547 508 633 198 9 938 36 418 520 936 319 1000 583 753 133
555 809 292 850 402 788 38 770 149 210 75 59 89 367 466 480 886 843 5 543 74 659 968 76 344 162
581 346 966 380 697 791 197 245 266 577 232 258 974 53 156 469 337 830 535 160 90 515 965 478 592 419
554 365 55 237 794 170 287 348 565 71 558 60 335 523 134 412 438 730 986 600 921 903 753 492 457 533
249 863 795 916 471 585 280 655 395 167 449 678 555 289 235 135 179 137 593 981 165 777 200 552 236 423
188 430 483 950 549 428 317 789 845 264 863 217 227 692 475 533 8 843 611 826 797 579 349 506 473 467
47 994 375 3 239 331 564 383 310 934 304 206 996 903 498 383 399 353 973 779 810 383 539 394 3 243
738 96 6 202 361 435 692 434 95 330 264 712 213 574 245 533 226 871 363 187 834 788 161 298 223 164
443 604 325 884 355 1000 696 932 235 982 688 991 760 496 306 544 394 73 634 489 116 521 466 658 1000 126
343 112 838 666 79 374 820 729 660 66 581 297 233 191 908 958 98 277 949 580 289 803 377 593 832 390
591 905 927 342 683 937 653 948 968 286 457 234 274 832 930 647 666 311 655 420 189 318 611 887 196 779
492 840 437 498 768 785 706 126 719 651 829 600 208 137 929 299 653 753 503 823 373 899 729 438 214 108
730 277 110 509 565 502 999 148 803 680 631 160 145 949 881 702 743 908 43 55 897 279 720 543 589 122
24 385 700 656 926 612 865 342 194 644 147 827 904 435 136 351 279 312 174 942 595 67 482 914 76 141
65298243692225363743852682277855637784932989945882976755428253659976635559375269566
54 1
583 428 594 955 331 574 727 552 718 700 499 363 138 910 164 399 917 322 508 978 669 451 782 852 734 440
538 773 970 614 590 669 212 400 192 839 476 128 543 808 190 370 877 378 325 224 676 219 344 270 288 89
327 566 643 843 519 81 737 931 692 627 452 287 491 938 823 730 40 749 337 262 213 281 355 649 438 987
986 938 112 559 686 600 275 604 670 887 4 532 526 789 463 725 495 422 734 633 180 635 788 431 758 765
394 524 173 843 176 42 398 913 520 393 430 79 45 730 464 570 681 319 757 40 992 637 999 983 28 426
43 162 553 977 685 646 540 690 49 161 166 648 92 922 54 54 314 412 421 159 100 592 484 545 319 118
645 713 523 438 856 818 225 660 975 720 340 500 611 233 930 679 652 740 726 619 752 197 201 381 767 11
982 114 665 341 446 669 789 251 49 782 270 298 652 272 60 389 711 656 246 299 220 90 311 257 890 357
610 478 299 29 306 314 858 6 269 689 240 47 463 953 384 896 948 603 943 466 855 582 112 947 374 913
232 414 783 891 953 410 858 358 617 394 723 824 320 504 850 545 555 213 909 667 817 797 714 957 952 124
521 600 96 213 320 942 847 443 557 977 780 402 473 85 775 283 27 274 932 48 911 990 529 821 95 444
841 832 520 279 172 295 909 103 659 639 281 529 451 480 808 150 790 852 555 387 805 460 994 238 21 947
231 412 898 763 38 709 640 679 219 63 871 163 593 859 862 412 214 211 562 442 651 498 693 724 2 564
238 299 968 429 825 522 481 991 211 420 562 387 170 491 83 566 301 47 754 886 993 936 164 414 148 849
747 115 135 425 988 915 637 34 706 6 335 938 398 109 115 437 69 215 372 225 910 987 520 911 921 202
304 593 421 521 700 386 399 552 815 949 877 55 578 686 217 593 563 351 60 868 223 763 333 124 350 515
706 937 697 184 545 404 283 874 452 338 607 888 365 340 999 150 818 261 829 295 728 39 725 245 57 250
660 902 494 499 103 209 152 525 712 241 164 573 989 665 489 506 690 728 112 946 973 977 989 695 708 172
948 797 579 115 464 97 892 886 76 556 588 252 461 640 664 712 914 310 535 440 300 78 417 841 176 874
416 521 459 327 183 603 423 694 21 495 222 852 139 968 535 98 744 497 493 920 367 633 906 587 5 972
819 736 110 447 410 786 602 62 201 203 73 14 431 435 873 122 39 233 185 613 532 292 279 193 781 280
983 115 621 5 168 717 876 627 372 659 739 488 659 630 45 770 315 224 652 476 885 427 559 851 478 394
909 866 277 961 924 588 838 834 903 969 537 463 655 701 295 436 275 747 817 237 687 630 141 959 482 146
241 449 577 655 98 509 878 383 27 666 461 586 214 759 323 352 197 385 678 566 638 539 287 419 799 314
910 186 213 655 48 474 252 696 36 654 7 80 501 323 392 467 437 971 318 552 903 581 334 815 467 259
704 320 249 473 633 17 7 523 306 728 706 749 314 650 335 991 63 278 413 212 887 872 219 69 141 150
769253297447674674462479442843954347759522769553657599
80 1
544 517 987 350 80 685 266 757 324 540 796 838 668 387 247 926 919 187 716 550 929 979 567 788 75 455
490 13 876 467 15 620 224 284 576 27 108 646 31 750 650 228 227 381 91 455 765 867 997 761 658 230
20 602 726 368 858 158 820 298 385 540 646 813 593 279 850 1000 603 69 475 594 798 992 633 549 736 810
61 979 198 187 394 670 955 139 552 702 105 62 561 107 401 433 694 551 291 353 374 151 638 895 73 590
526 599 816 26 142 279 654 478 748 168 908 732 236 492 380 673 26 460 201 737 272 545 927 612 960 550
127 596 635 97 505 688 249 677 575 141 351 572 733 832 521 278 324 526 326 341 730 186 136 826 294 132
406 880 865 685 82 936 533 310 75 385 437 453 226 28 407 440 744 412 433 576 190 258 322 521 560 388
368 69 554 872 926 472 906 922 709 655 124 469 404 34 602 114 372 176 735 137 909 652 266 822 770 19
209 16 376 365 525 528 990 393 466 337 40 23 391 818 195 41 356 84 134 264 707 648 284 59 343 91
327 873 78 865 433 37 467 982 530 554 380 12 571 309 936 181 36 89 679 420 86 848 692 322 141 897
672 737 607 497 883 314 272 270 450 700 336 210 787 455 11 634 441 828 988 594 367 397 819 430 441 434
787 495 663 995 58 798 147 541 75 975 104 639 174 515 406 669 436 499 293 548 357 886 462 429 331 408
750 965 106 547 495 985 32 283 594 134 401 521 937 18 333 677 728 544 470 348 278 591 502 279 774 391
751 173 912 796 504 317 754 9 879 373 533 785 654 972 557 724 865 187 250 301 222 815 568 44 814 82
115 318 639 439 333 792 989 374 364 633 280 628 567 212 988 97 619 39 365 891 915 92 67 269 373 319
953 430 63 329 664 267 250 287 583 789 304 831 553 863 849 358 196 139 132 90 716 612 561 971 359 889
505 520 911 53 392 857 179 657 255 685 766 494 387 947 86 880 811 864 55 770 841 905 724 861 371 945
508 693 82 770 742 294 401 882 940 893 644 448 89 889 692 55 99 265 340 518 206 374 922 278 625 787
81 925 880 640 311 103 716 568 475 752 19 145 720 547 268 404 329 984 661 136 404 930 540 756 559 491
298 518 243 107 228 117 754 180 566 985 176 14 571 261 402 204 772 775 124 603 752 7 593 718 848 123
25 790 641 351 255 164 290 527 820 825 494 542 399 620 446 511 98 395 203 623 2 573 959 17 467 47
871 705 203 142 77 256 514 134 130 202 720 256 955 731 697 761 364 14 584 540 534 104 757 394 813 45
689 810 644 57 620 684 618 380 136 180 406 143 451 731 665 609 784 356 963 522 871 561 459 557 296 346
83 508 593 795 342 395 529 394 175 920 667 759 206 281 753 417 935 820 539 524 458 888 685 311 985 499
559 151 706 438 479 484 615 262 888 526 429 380 997 835 232 150 89 878 18 784 756 756 336 490 876 889
491 592 756 346 199 248 836 424 38 692 941 385 716 544 795 922 518 885 242 49 74 340 835 924 80 28
35837836675976888367457426386483953993828923577722495692622363443798594655228543
55 1
137 955 177 674 325 642 945 342 685 310 977 514 144 14 777 173 842 507 860 458 470 749 580 492 856 763
804 942 468 413 849 318 10 665 577 909 564 991 499 303 215 248 268 291 151 779 56 421 282 169 688 632
864 579 90 763 262 207 375 340 858 795 761 588 816 426 965 795 763 291 436 835 910 904 758 119 712 74
833 429 96 295 170 781 49 675 245 202 71 730 170 525 96 143 221 306 629 952 469 12 580 494 148 250
789 345 605 363 848 494 461 496 334 711 527 664 803 907 20 651 401 841 150 855 847 202 755 644 11 817
162 228 873 459 69 264 372 409 214 184 722 201 726 265 71 982 414 126 51 357 334 403 872 262 706 545
754 902 575 938 103 766 124 154 38 302 802 225 930 127 485 873 781 269 645 545 622 226 852 62 152 972
249 822 162 274 127 356 489 525 701 249 480 419 648 912 836 882 771 381 101 287 848 893 271 706 181 955
334 519 181 446 852 949 74 358 723 267 500 754 824 915 17 765 938 502 931 961 647 79 58 557 981 152
316 403 492 745 244 660 85 930 978 927 496 185 683 805 961 134 630 607 204 573 855 120 116 664 57 199
849 726 810 142 665 501 544 624 205 468 427 37 630 123 40 394 560 889 258 786 80 821 478 203 520 906
890 332 38 225 472 78 622 76 888 335 531 52 35 930 514 939 633 662 66 442 153 33 1000 971 229 147
718 927 700 743 198 940 889 485 164 884 630 2 624 498 789 782 11 810 699 392 742 732 889 545 133 282
586 838 292 254 68 928 134 859 46 300 630 104 507 137 662 209 142 34 848 686 177 948 459 393 105 822
230 866 748 433 658 516 969 219 523 754 676 288 955 582 792 977 989 214 821 93 643 901 451 819 894 63
530 715 9 40 823 994 173 217 489 591 194 817 583 943 486 868 58 391 980 644 109 372 422 214 982 412
742 733 423 514 942 280 242 351 617 368 158 731 508 951 645 315 116 653 471 918 532 595 156 585 252 129
291 579 103 199 93 850 102 394 418 836 964 968 384 583 366 139 493 388 897 909 67 304 755 759 234 894
981 454 555 654 492 700 14 272 201 922 503 833 179 288 46 878 252 503 493 401 360 516 915 724 738 781
416 227 539 738 807 176 999 686 656 728 575 545 962 70 340 260 787 540 59 753 51 928 120 670 47 468
55 779 935 729 872 653 258 767 591 769 329 103 84 547 875 475 550 38 769 731 668 825 22 848 581 183
32 823 671 818 95 488 551 864 845 185 554 347 735 15 802 457 765 534 969 784 111 333 590 490 405 985
477 453 182 50 623 630 433 803 8 277 571 964 182 249 178 451 650 743 824 12 211 908 715 152 660 288
910 958 28 227 326 76 688 667 505 224 571 279 633 791 753 481 780 970 303 953 268 819 626 115 766 935
255 588 140 339 682 19 2 543 764 775 940 384 552 1000 942 776 621 277 238 729 879 934 402 947 548 832
80 548 564 968 812 727 918 633 650 671 612 805 604 779 567 126 461 412 1 468 144 743 364 14 571 855
9437239526975674578857386635488239884927486785623379854
