10
912 77 598
59 76
92 98
79 68
83 74
96 75
82 89
76 90
70 66
71 55
100 81
73 93
94 80
96 68
60 81
52 57
75 82
84 96
77 59
73 98
87 82
78 72
96 52
77 99
76 52
100 50
95 76
57 63
64 51
53 75
71 84
86 89
65 55
84 82
77 91
66 67
98 59
88 89
53 96
91 51
72 57
95 56
75 56
73 65
96 99
74 80
50 77
54 79
53 94
94 66
69 78
62 57
54 99
65 87
97 63
81 50
78 98
68 69
52 87
83 78
78 65
68 94
99 95
99 72
93 64
93 65
97 64
63 57
96 86
79 79
93 62
69 89
86 99
91 97
71 50
58 56
90 93
86 78
71 87
52 87
54 71
66 86
99 91
72 63
67 58
52 81
96 86
50 87
61 88
80 51
94 51
65 73
86 62
96 84
52 82
69 78
93 69
88 80
92 66
57 57
91 83
56 50
67 85
85 57
63 57
74 62
64 72
85 50
91 66
76 66
57 74
52 99
84 98
62 62
50 63
65 71
87 83
71 97
58 52
71 72
60 100
66 99
83 63
55 53
79 97
70 92
98 51
71 90
88 70
81 96
58 86
79 56
60 69
59 92
51 51
97 58
85 73
87 88
80 76
58 53
61 94
75 97
57 72
60 87
80 83
68 71
93 95
87 75
77 55
96 65
55 62
57 81
100 98
81 83
93 64
76 83
53 54
60 74
80 77
51 66
90 82
86 94
85 93
59 94
87 60
81 92
77 86
71 61
86 98
61 75
88 60
99 88
99 61
85 51
71 81
94 69
79 84
68 72
82 65
93 50
69 86
96 93
69 76
93 100
60 88
72 53
94 93
61 65
58 74
57 62
94 86
81 79
75 96
68 70
86 82
84 64
54 85
58 94
86 90
89 63
96 61
84 67
52 79
66 70
83 89
93 70
63 79
75 75
65 96
95 50
64 60
50 91
63 74
76 70
62 50
53 51
57 96
67 97
57 99
79 85
99 62
98 63
76 57
93 69
83 70
70 71
85 99
87 97
61 69
52 98
95 87
82 60
78 59
83 71
95 84
90 95
99 88
91 75
75 97
74 76
87 100
52 50
50 81
73 51
64 69
80 68
89 93
59 73
98 66
80 53
80 79
71 88
89 93
97 97
86 65
50 83
95 83
50 98
52 80
85 50
90 84
88 74
52 98
98 66
89 78
98 74
91 95
76 80
73 97
68 82
98 50
85 54
65 72
85 86
51 90
99 51
58 83
58 81
88 93
83 87
56 94
79 96
98 54
97 91
81 90
99 79
62 92
72 66
70 97
81 58
65 92
62 57
77 82
83 83
59 60
74 88
70 72
87 88
58 59
92 59
51 85
72 88
58 77
94 60
86 54
87 86
65 63
60 78
66 63
78 73
58 63
72 76
94 60
60 57
52 98
56 95
66 56
52 79
52 95
78 96
68 61
91 81
69 84
97 97
66 86
59 69
56 76
84 51
100 50
59 51
50 97
95 95
55 87
50 64
68 87
96 87
74 60
76 93
52 55
96 78
73 87
92 65
90 88
95 67
90 53
82 96
59 55
97 64
92 63
94 93
61 60
79 66
88 89
86 100
66 67
100 82
60 54
84 73
62 73
50 96
79 94
74 56
74 96
71 57
84 77
62 56
100 81
74 85
62 70
55 77
55 87
63 82
86 67
90 70
99 52
95 77
68 85
86 98
85 96
60 72
74 92
79 95
55 60
89 67
88 55
61 83
60 59
81 79
56 77
68 70
76 58
78 70
71 93
79 99
52 83
67 87
96 98
75 87
70 74
85 53
56 56
52 91
52 65
63 64
89 60
62 51
99 59
85 89
64 98
59 89
80 82
71 73
79 93
100 92
82 74
70 85
65 79
72 78
71 84
63 69
73 52
88 54
99 89
53 84
58 53
75 94
70 83
89 60
85 64
96 86
87 56
99 79
53 93
58 51
89 50
68 52
84 67
82 98
81 81
74 58
53 61
81 90
82 51
93 86
51 72
71 61
73 63
54 82
62 89
52 94
67 75
50 92
97 87
89 70
76 57
66 85
95 69
76 60
61 66
78 89
70 82
52 91
93 63
97 80
61 65
91 70
87 83
97 66
61 72
53 60
93 93
54 79
91 85
56 82
59 65
78 51
56 100
80 72
96 62
58 54
93 82
95 72
69 57
86 55
67 93
81 82
84 50
65 81
68 86
56 73
52 99
56 84
79 71
64 53
93 100
84 79
97 77
70 99
70 71
72 72
98 61
55 86
89 99
76 58
59 61
82 88
83 62
82 90
82 57
78 73
58 50
85 81
66 88
51 50
93 58
83 68
91 93
87 57
91 70
75 91
62 54
52 53
51 60
97 56
59 63
67 76
70 92
59 52
63 89
65 88
56 89
69 86
76 97
86 51
64 62
84 74
68 74
65 67
75 58
60 77
80 72
55 81
92 100
59 78
65 93
70 99
58 77
92 68
81 94
56 53
76 69
81 99
61 67
100 86
66 77
99 57
98 63
60 70
68 96
77 70
76 84
97 86
99 90
76 52
89 52
96 100
61 73
68 50
100 97
91 68
50 52
66 85
81 100
83 73
86 63
97 73
89 75
77 91
79 52
52 65
62 85
72 65
57 56
90 77
70 63
90 83
91 74
73 74
76 88
84 68
73 65
57 60
95 85
82 66
98 69
62 67
95 95
57 74
76 72
89 93
78 88
82 73
84 55
79 94
96 79
98 63
66 66
96 97
95 81
64 100
97 86
57 88
56 55
87 98
90 89
51 60
79 99
52 72
70 88
85 81
100 67
68 55
100 74
57 71
71 78
80 87
55 68
56 75
50 85
91 76
70 96
67 57
91 83
70 90
74 71
65 93
55 78
53 50
63 65
79 81
69 75
96 63
52 95
62 78
51 95
66 79
100 57
74 88
62 92
78 94
78 98
51 53
85 54
53 73
64 92
93 59
75 73
74 74
61 92
55 60
90 71
65 82
63 51
54 80
66 71
50 70
71 55
51 85
100 80
55 60
50 82
66 61
69 79
74 93
56 51
82 76
78 100
75 55
50 70
85 74
74 87
93 80
60 68
97 65
96 50
69 53
65 52
54 58
87 92
56 54
64 84
78 66
52 86
54 86
94 93
93 94
89 80
99 90
86 98
98 52
94 89
63 75
95 77
71 66
55 68
78 78
55 90
73 70
69 69
83 84
84 62
79 68
53 96
90 99
67 69
83 51
61 54
88 65
93 80
61 57
89 92
60 76
70 52
67 74
95 85
89 73
81 95
62 96
66 95
91 55
59 61
59 64
65 86
67 93
74 77
67 88
74 55
64 78
98 88
82 66
72 77
75 57
95 90
85 99
70 96
76 93
54 78
90 96
81 76
62 83
55 71
97 76
83 98
87 99
91 87
100 85
59 70
83 98
70 59
63 72
69 96
53 69
75 53
74 65
67 75
91 90
83 77
76 56
80 51
91 67
52 84
94 82
50 99
83 85
82 99
84 85
78 78
74 84
99 90
67 97
73 80
99 63
73 73
94 87
84 65
90 72
95 64
81 75
96 58
74 56
96 83
50 77
88 91
69 77
81 65
98 91
66 92
95 62
69 98
99 69
77 100
76 66
96 64
72 76
83 81
66 58
95 100
86 94
71 90
84 88
69 69
54 84
51 91
72 88
67 96
99 56
79 84
77 98
99 66
66 77
83 86
56 86
78 88
87 100
89 55
100 76
50 82
87 99
61 71
87 89
89 83
74 82
95 58
51 68
93 94
76 76
60 89
61 91
87 83
66 77
86 82
58 84
67 98
93 83
58 65
58 82
98 98
97 84
52 53
91 50
50 56
66 79
71 51
94 83
95 100
86 68
62 62
50 54
76 88
82 92
86 53
62 66
85 92
71 56
85 67
88 83
82 91
81 52
60 79
64 52
83 72
50 69
60 86
65 70
69 50
92 99
91 88
76 85
57 70
53 91
73 92
78 63
82 68
54 51
73 52
70 94
75 84
64 74
55 61
79 78
98 66
64 63
60 69
50 81
82 75
86 74
54 68
57 77
75 86
76 60
80 97
87 83
56 83
54 80
72 93
78 89
52 99
69 58
61 82
75 96
95 81
69 64
63 94
853 267 928
84 58
73 56
69 79
61 61
94 100
62 71
83 88
80 71
91 77
57 74
55 85
76 83
86 94
98 66
83 80
92 59
89 63
72 75
86 84
98 58
87 72
60 85
88 67
53 56
84 55
53 66
64 83
72 90
65 88
73 60
98 82
88 60
82 84
99 93
56 87
54 68
99 68
52 96
65 51
64 96
56 69
70 79
77 61
90 62
75 100
74 66
100 77
98 71
98 61
99 51
77 63
95 67
75 62
70 54
66 61
71 97
64 98
59 92
71 92
80 94
77 97
58 99
73 77
62 50
92 63
86 99
62 75
78 85
86 55
69 84
62 89
53 56
85 85
75 76
87 69
70 90
79 84
68 79
55 54
75 63
67 97
90 99
60 62
59 52
56 68
60 86
66 83
68 99
62 68
87 55
65 55
92 75
93 96
71 52
80 72
52 56
50 73
95 92
94 88
53 85
63 88
81 78
89 87
84 88
52 84
63 79
57 76
75 88
73 61
52 77
52 52
62 98
78 51
91 61
95 74
50 77
51 94
76 64
52 75
93 55
84 97
54 98
68 53
73 88
54 57
51 73
75 90
84 69
54 86
94 68
95 51
98 88
72 51
98 74
75 87
87 97
77 86
76 56
95 99
64 93
50 91
74 50
73 72
85 88
55 77
75 73
68 79
78 74
62 50
85 88
53 78
74 57
55 80
69 74
98 73
80 76
100 78
89 59
80 84
80 68
86 55
62 86
50 86
74 65
73 78
65 76
95 75
54 51
95 74
90 98
64 100
52 54
51 62
75 62
61 66
52 98
52 51
76 57
88 98
95 93
73 61
79 97
50 66
91 65
62 96
89 52
95 64
90 82
82 65
97 80
78 77
89 73
81 53
70 84
64 97
95 72
53 94
56 66
67 54
81 70
70 82
59 81
78 88
57 89
93 92
87 86
82 81
81 90
76 90
98 90
54 93
56 98
83 98
84 95
51 62
83 88
56 75
53 100
62 74
52 74
64 88
68 98
93 65
58 76
77 98
60 96
88 65
76 96
75 100
58 75
56 81
71 78
93 88
68 83
92 81
61 80
52 91
72 63
51 91
63 56
91 98
51 65
76 60
70 61
81 52
65 75
56 53
80 65
85 97
70 70
59 50
54 53
96 94
72 54
77 88
93 61
70 77
86 69
79 75
64 88
57 100
86 73
70 99
97 66
89 75
99 82
53 76
87 93
52 68
100 84
75 67
73 75
73 72
71 60
81 84
70 73
94 70
79 92
100 76
65 82
53 77
91 93
53 91
51 84
52 51
83 83
50 96
84 91
76 67
76 60
69 61
73 92
59 69
77 70
85 93
87 96
87 68
56 98
89 100
100 83
88 63
95 72
81 88
94 59
58 96
67 96
81 69
71 62
56 50
81 73
59 71
91 93
88 89
61 84
86 100
59 78
67 93
50 61
92 79
66 83
94 55
82 57
62 88
57 98
57 87
97 89
92 57
53 87
86 96
85 89
87 76
54 82
97 100
57 58
93 81
69 51
69 58
98 98
52 53
76 100
68 68
78 60
96 99
64 51
91 56
93 66
58 53
77 80
82 94
87 68
95 82
60 64
70 79
85 74
78 61
63 70
59 91
74 66
78 92
64 99
57 65
55 78
88 68
57 75
96 75
80 72
92 71
91 76
80 90
84 79
60 94
58 52
92 97
84 72
55 63
84 87
66 84
100 99
77 60
82 69
86 69
92 75
86 81
58 83
62 57
83 79
81 71
88 73
52 99
93 81
61 78
82 54
78 55
57 68
84 94
86 55
84 99
98 72
70 58
93 78
60 60
88 98
99 65
80 59
51 76
51 80
84 79
67 55
66 84
59 86
91 84
83 51
96 80
99 97
62 79
61 72
74 80
79 72
84 98
57 56
85 50
57 70
96 68
69 68
59 57
71 51
99 59
84 60
90 72
60 57
66 54
94 71
87 67
95 78
94 66
81 74
89 76
57 87
70 88
91 73
91 95
94 61
74 54
60 92
80 100
52 52
69 58
69 55
76 65
92 66
81 51
57 55
73 66
93 99
65 84
67 93
99 54
63 93
94 88
87 83
58 85
71 59
67 73
87 60
64 63
57 65
97 82
78 71
61 59
65 65
90 52
62 79
50 73
65 100
89 77
64 95
65 65
65 57
72 54
62 77
62 85
55 100
95 61
77 97
90 59
79 50
68 50
70 95
62 58
68 79
57 58
66 59
55 58
55 81
98 56
98 85
95 60
64 55
58 77
83 89
51 61
90 56
71 55
56 72
58 87
63 91
75 58
73 79
99 51
61 68
84 83
61 58
58 93
71 59
63 85
88 99
60 83
99 57
85 74
71 74
80 64
79 70
88 60
58 89
61 91
99 67
91 62
91 96
69 51
85 72
95 75
82 75
69 99
95 71
79 65
82 93
91 72
50 92
96 58
64 76
91 51
58 90
98 75
95 62
81 89
86 60
68 65
93 53
80 97
84 86
76 94
53 52
55 54
60 84
81 86
77 66
61 73
73 74
76 80
79 60
52 91
93 57
81 77
93 59
94 66
50 52
52 61
70 63
60 72
91 94
92 67
80 79
59 86
65 81
89 94
72 72
84 93
83 91
73 100
65 94
51 61
66 62
91 97
87 92
85 73
83 52
60 70
71 65
59 92
61 98
83 99
82 52
74 59
51 66
97 90
80 79
73 57
88 61
50 52
56 66
50 75
50 80
65 95
57 86
61 68
92 72
85 67
90 73
89 75
53 53
80 73
60 57
80 93
92 55
84 87
64 51
63 61
75 88
52 84
84 74
81 100
84 76
60 100
97 54
50 97
71 71
54 83
87 63
55 87
56 66
99 74
61 77
72 75
78 74
59 96
81 92
99 98
95 96
84 71
65 64
83 97
83 76
84 88
75 70
55 82
59 91
59 60
64 68
52 98
81 68
56 54
89 67
51 57
93 64
80 90
82 63
56 51
87 77
72 77
89 59
96 64
62 53
91 82
96 100
76 91
60 52
80 84
97 97
66 83
90 93
76 52
72 61
50 65
71 76
52 65
56 52
84 78
67 99
97 66
62 92
60 78
77 90
92 92
83 98
55 81
80 81
87 72
86 100
60 61
81 77
86 53
52 64
89 96
98 75
77 74
85 83
51 73
83 56
96 72
59 50
96 55
62 51
51 68
83 57
85 86
91 62
50 69
50 61
52 53
71 89
71 89
94 76
76 65
88 68
84 100
91 75
56 61
76 75
77 99
77 68
63 63
69 81
76 57
54 68
81 66
85 92
68 65
96 53
71 61
62 92
98 67
95 56
54 95
53 72
83 81
68 51
56 58
95 74
76 62
66 84
58 92
69 78
55 55
93 89
66 52
93 83
82 56
90 54
74 89
91 94
93 83
86 55
58 77
71 92
83 51
100 85
83 84
96 82
81 71
94 91
90 93
98 75
90 69
97 88
76 62
76 71
66 64
91 90
50 58
93 56
67 90
74 69
70 95
57 70
86 59
61 71
97 52
66 74
80 96
61 63
98 72
52 65
89 93
61 65
91 92
81 85
65 97
73 74
80 58
84 78
54 81
84 64
90 73
97 67
97 53
72 62
79 78
72 97
92 87
59 81
95 57
92 92
98 81
100 69
70 97
91 82
62 68
75 85
62 77
51 53
78 50
99 98
79 57
57 91
66 74
81 78
79 89
78 77
96 79
67 96
70 79
56 92
99 72
84 91
84 58
87 77
76 87
77 75
96 95
80 59
85 99
51 98
93 78
96 93
53 68
90 60
90 93
50 62
64 50
84 53
66 56
63 96
93 89
97 78
77 62
74 73
72 58
86 84
61 55
86 100
98 53
87 66
95 58
698 477 674
91 61
77 61
88 86
55 85
92 83
61 66
62 93
67 76
91 92
61 100
64 86
80 97
52 86
96 63
53 91
73 100
99 67
59 70
73 64
98 73
70 72
72 96
71 69
60 52
55 89
51 52
98 89
73 85
80 81
69 72
53 95
62 99
70 82
96 67
69 95
86 92
81 77
84 70
71 52
77 99
55 60
81 58
83 57
67 77
75 50
62 79
87 63
53 96
78 90
91 59
60 60
97 99
56 94
90 63
94 66
65 62
54 71
80 54
73 88
80 99
52 75
94 84
82 61
72 65
72 98
70 85
63 92
82 61
65 87
56 95
92 63
67 94
87 64
52 69
87 93
98 57
59 99
94 56
94 93
81 51
60 68
59 74
74 63
83 59
82 99
77 88
99 99
66 60
86 53
82 86
55 59
60 64
81 53
89 68
99 88
89 71
72 71
78 77
69 96
54 77
77 54
62 94
96 74
69 75
98 51
68 68
56 80
59 61
59 69
97 75
75 56
81 52
63 85
59 74
64 55
91 77
82 69
86 86
81 61
53 98
60 82
81 79
99 58
66 71
84 66
57 80
51 59
90 100
92 60
69 70
56 85
83 75
67 76
62 84
53 97
70 97
72 59
72 81
71 54
72 57
88 87
71 96
73 57
64 81
98 99
100 70
70 100
91 63
85 94
67 66
83 89
71 53
86 51
72 66
70 75
63 72
57 53
73 91
84 97
68 89
54 61
82 65
73 99
61 59
81 56
58 74
67 98
92 89
99 53
57 89
68 61
88 99
58 69
66 78
81 85
100 98
54 64
69 61
52 83
90 71
55 61
100 86
57 83
71 62
100 65
64 64
83 95
57 67
60 62
53 87
66 79
92 54
81 61
82 70
87 88
82 53
58 53
58 98
95 65
82 97
100 94
50 78
92 94
69 80
55 68
65 76
85 98
52 69
95 69
50 92
72 51
52 62
67 62
92 78
81 76
63 86
86 67
73 50
52 94
84 93
73 79
94 93
63 81
64 82
92 89
53 88
100 66
95 95
87 63
51 73
65 75
95 79
57 67
68 71
54 68
96 82
97 93
97 55
82 82
70 91
83 74
71 53
58 79
65 80
72 50
74 99
56 81
75 89
59 63
53 64
100 90
71 90
95 56
88 77
87 60
67 92
73 97
67 79
83 54
60 97
67 60
79 59
73 75
57 65
99 84
74 86
91 70
73 78
65 79
50 79
67 69
62 73
79 52
98 60
98 79
73 77
79 61
62 69
54 92
100 66
57 73
79 69
65 62
58 54
58 61
85 75
83 92
79 59
97 100
76 85
78 60
82 59
97 90
58 71
82 93
72 74
73 62
73 79
79 67
73 84
59 100
79 81
92 82
99 50
92 60
71 87
90 52
61 93
96 64
74 85
87 59
59 71
53 66
87 69
95 65
84 99
57 54
78 66
68 69
63 99
92 84
91 94
70 78
75 75
80 61
58 75
77 69
64 65
53 92
89 97
67 56
99 100
59 53
53 59
65 52
99 61
71 96
60 96
89 67
93 86
62 86
93 80
93 59
92 79
74 92
87 69
92 81
75 82
95 75
71 89
61 51
78 61
96 54
67 68
70 92
58 74
84 77
79 66
50 95
69 74
55 62
91 100
86 76
81 85
69 64
61 61
51 59
73 82
87 84
58 79
67 51
88 82
56 51
81 88
61 93
80 83
69 59
68 78
71 53
85 82
81 53
70 50
83 65
64 61
70 86
72 81
99 90
75 56
68 83
72 88
71 56
100 59
68 53
62 99
82 87
84 89
81 74
97 59
97 64
81 73
64 65
91 84
73 73
51 78
61 93
61 59
74 62
85 95
75 71
88 86
62 72
59 65
76 76
99 85
73 81
77 90
50 50
92 77
61 72
75 58
89 71
86 81
53 99
76 53
55 99
73 50
84 93
57 80
92 55
99 56
91 50
84 72
81 51
57 85
53 80
86 52
86 82
55 57
88 80
92 74
94 97
93 86
85 90
99 71
51 82
66 93
68 86
72 53
89 100
86 69
90 73
94 65
61 80
63 64
50 99
94 59
100 95
78 72
92 69
78 69
63 61
83 50
67 64
61 82
99 80
84 66
68 78
92 55
100 83
88 51
93 83
76 87
98 91
84 91
50 99
92 62
75 58
73 92
74 54
79 95
78 94
97 75
79 81
77 99
62 58
58 69
92 77
100 98
53 70
60 54
80 71
59 51
77 50
86 72
50 57
92 52
59 75
55 62
98 63
58 87
91 70
51 62
54 98
50 52
95 59
99 51
67 65
86 71
62 53
91 94
54 91
76 55
75 89
77 100
56 50
87 77
99 71
79 68
100 56
87 74
61 92
69 61
58 72
85 93
56 69
84 95
100 65
64 99
57 85
54 59
92 80
93 92
83 78
52 100
82 87
68 88
74 69
63 71
99 60
66 88
93 90
76 88
81 59
88 60
76 63
97 54
73 85
99 75
85 79
59 99
61 93
77 90
87 62
67 50
80 88
80 94
81 51
80 61
65 99
50 81
80 67
61 99
86 67
73 97
61 90
52 60
56 71
76 54
57 68
90 62
55 59
72 59
53 72
91 94
73 74
96 71
54 73
93 60
91 86
85 73
57 77
80 65
62 82
58 91
55 61
97 55
58 66
71 97
94 85
94 61
72 77
81 78
83 56
85 81
99 54
87 95
92 75
61 76
84 52
61 50
90 55
88 94
53 82
65 80
77 69
81 51
68 80
64 75
64 78
62 98
57 74
72 92
92 90
75 69
84 94
54 97
68 54
84 84
79 52
95 98
82 87
69 74
68 64
61 91
53 61
50 73
68 67
77 65
100 81
86 60
89 77
83 56
50 89
50 60
59 70
66 83
88 71
62 66
51 97
87 69
66 55
87 89
93 68
85 89
61 75
90 68
60 88
92 80
100 57
82 68
68 87
63 65
98 60
100 67
79 92
95 91
57 91
74 65
57 56
54 50
71 58
55 75
93 65
88 90
60 79
72 57
96 84
82 65
63 72
94 67
78 57
83 66
81 61
63 80
58 60
64 84
54 70
81 52
71 81
59 96
97 82
94 98
60 55
63 54
55 69
93 66
95 68
93 50
59 52
84 60
94 76
76 61
69 95
73 92
50 62
89 65
63 89
96 53
786 551 532
98 65
82 83
86 68
84 62
59 79
97 79
96 68
80 51
54 67
83 63
67 51
97 60
74 91
88 77
99 81
50 72
96 89
77 64
77 63
87 99
73 85
54 72
70 76
64 59
90 91
60 84
59 99
67 62
86 63
53 93
71 86
57 59
77 95
81 84
87 90
69 59
97 91
99 88
83 51
55 88
67 76
98 58
54 62
73 57
67 99
50 58
88 69
84 82
53 53
59 89
82 84
68 78
82 60
94 53
72 55
58 70
91 88
67 52
50 83
54 92
92 77
94 54
76 59
52 90
58 70
98 59
95 68
97 91
91 93
62 70
91 95
56 82
62 73
61 66
94 97
51 74
99 97
85 75
67 85
68 59
99 51
76 64
53 65
75 50
50 76
53 94
79 69
53 84
66 84
87 50
66 75
93 98
55 89
84 71
74 78
86 88
80 71
88 77
75 85
79 90
99 89
69 70
93 91
72 75
74 91
61 81
53 63
54 82
73 97
84 88
90 81
95 78
75 56
69 72
100 64
69 96
52 84
96 71
61 100
73 94
90 56
53 60
54 93
100 94
72 73
75 52
98 78
80 63
54 76
98 75
52 99
98 74
64 55
86 62
75 98
70 99
72 89
90 50
92 93
74 90
83 99
56 52
58 96
50 88
75 90
72 62
87 93
51 83
66 64
72 93
78 61
76 59
55 70
96 59
89 67
80 88
100 50
73 61
56 92
65 76
84 52
69 68
82 62
92 88
62 90
65 87
62 71
69 53
96 68
53 66
75 96
96 74
87 54
66 61
92 90
68 55
80 53
52 96
67 67
55 94
63 68
75 56
60 67
96 55
80 87
95 70
94 96
56 84
84 77
95 96
90 64
88 75
77 74
58 87
79 52
50 79
100 51
77 73
94 77
52 79
59 91
50 69
62 51
76 66
80 84
74 95
57 55
58 85
84 58
51 75
77 98
81 65
91 57
52 50
75 78
66 80
91 61
54 52
87 65
72 71
58 79
60 71
77 62
60 53
85 65
75 89
99 59
51 68
67 87
92 62
100 88
82 51
69 57
75 53
66 78
81 69
67 61
61 64
58 75
55 60
74 52
84 71
71 88
75 85
67 66
89 99
68 81
68 76
90 71
100 69
58 61
64 99
83 72
93 72
86 80
67 87
81 69
83 50
75 70
61 90
87 88
54 57
85 50
72 88
79 83
86 83
56 58
66 97
85 66
54 89
96 64
93 64
100 79
67 99
64 71
86 52
72 63
72 90
80 82
86 98
68 84
71 92
69 88
82 98
84 90
72 99
54 50
68 98
75 56
89 92
90 51
73 74
73 64
96 78
62 71
80 71
66 96
76 92
65 62
63 92
93 77
93 86
76 73
63 84
91 94
92 78
68 67
75 78
52 57
50 97
53 70
69 93
78 73
100 96
94 91
63 50
68 64
84 96
81 63
66 63
59 73
77 96
64 70
86 97
59 99
53 62
64 64
88 52
98 51
78 87
75 78
55 98
96 70
92 93
79 62
94 89
73 64
98 99
95 76
55 92
86 86
53 93
92 55
76 68
85 64
92 75
99 90
59 91
60 85
76 53
67 74
51 63
87 69
91 70
72 88
51 56
71 94
81 86
87 63
60 64
96 76
65 64
58 97
61 60
60 65
74 50
70 85
61 99
78 50
57 100
74 57
91 82
51 59
68 65
60 76
68 62
79 98
65 71
65 79
72 86
55 53
50 88
61 68
50 70
75 55
84 80
75 98
54 99
88 97
64 88
97 82
94 96
100 63
66 83
53 94
88 72
71 58
77 73
81 87
92 100
64 66
85 93
79 52
76 68
75 87
63 99
90 51
70 75
93 71
86 65
94 79
87 98
96 57
97 93
98 60
75 79
72 53
86 77
92 78
55 50
100 66
80 62
75 87
81 97
70 72
68 100
74 92
81 74
58 86
70 76
88 95
93 84
65 61
84 58
83 59
82 96
53 58
88 97
58 68
94 93
88 72
74 90
76 56
93 67
92 63
61 67
62 63
63 50
68 83
88 91
58 83
92 85
60 88
54 87
85 64
74 98
96 85
53 58
83 71
92 84
68 64
89 88
70 67
68 89
58 62
92 52
80 99
83 58
81 98
76 58
94 87
68 76
75 61
76 63
61 69
57 66
73 94
56 70
72 65
98 65
78 63
52 53
95 71
50 80
76 87
97 84
55 84
60 69
59 98
94 90
61 86
55 89
56 52
85 73
91 54
90 84
58 52
81 59
68 87
61 97
91 85
73 86
65 70
71 84
55 99
92 86
67 89
78 88
95 71
86 75
70 69
65 85
50 69
55 90
69 51
80 69
98 59
81 58
70 54
53 65
85 59
77 66
74 93
73 55
75 98
77 75
59 91
92 52
54 97
69 98
77 92
50 72
93 91
81 90
82 97
84 78
99 92
84 98
81 90
66 72
61 60
69 60
56 57
56 64
90 99
59 91
75 73
83 50
95 93
70 80
73 94
56 80
64 71
79 51
61 83
51 99
65 79
93 55
80 55
98 76
99 58
64 70
58 66
63 87
50 64
70 94
92 94
95 94
91 91
83 92
78 89
85 64
93 64
99 79
69 82
88 57
89 77
57 90
54 54
87 99
51 76
62 82
87 63
98 85
55 98
66 90
88 68
56 95
54 76
70 89
76 72
97 93
69 77
74 63
92 69
79 93
69 59
70 100
57 87
51 61
99 91
68 93
71 65
90 69
82 89
67 54
77 52
97 67
90 87
58 59
71 55
97 59
61 60
51 63
88 56
84 51
93 63
69 60
58 87
69 91
97 76
56 93
67 89
96 67
89 95
67 73
90 53
88 89
58 90
81 55
79 66
63 100
81 51
81 87
95 89
98 57
80 65
98 90
73 55
86 76
95 61
63 53
69 92
75 58
86 100
50 89
80 50
77 50
99 64
75 64
88 84
90 63
83 52
55 96
78 76
78 96
80 50
96 75
88 73
86 83
97 63
74 59
73 83
96 51
59 73
91 73
89 91
77 89
70 55
73 77
89 98
71 77
58 62
86 86
66 64
58 92
61 100
96 67
71 70
57 72
50 72
86 55
76 75
93 59
82 51
57 55
55 87
91 87
69 77
61 96
53 52
64 61
99 64
97 76
87 91
86 51
76 83
78 74
78 58
65 96
84 57
76 84
65 61
89 71
61 94
95 78
88 94
79 65
98 100
98 55
77 56
52 98
64 56
100 73
95 50
100 64
69 68
70 88
73 90
87 79
53 65
66 85
69 54
64 92
87 56
66 95
96 82
66 92
89 50
54 57
58 55
51 73
73 98
96 71
92 69
99 64
74 62
51 86
96 57
54 68
100 61
86 68
91 61
88 79
56 53
64 67
70 51
99 77
89 54
61 99
79 99
81 54
86 95
69 55
98 79
68 70
97 51
72 78
93 52
72 94
97 61
96 69
95 67
78 58
64 62
51 95
77 75
74 75
65 58
63 56
78 63
82 50
66 78
65 85
78 100
73 70
56 80
83 98
76 54
98 76
53 74
92 85
55 83
73 53
65 59
83 69
621 273 757
83 94
59 60
89 92
72 88
96 64
93 87
78 97
53 64
61 90
89 59
53 50
54 82
89 63
95 88
56 74
78 54
51 97
58 52
77 100
78 53
58 78
86 66
72 57
99 89
79 74
99 87
80 76
67 82
58 84
91 97
79 90
81 61
89 64
90 98
86 72
61 53
90 82
93 70
55 65
92 96
60 86
55 84
93 76
55 67
96 79
82 97
77 86
83 51
73 56
79 74
88 82
65 50
64 83
100 75
65 66
64 99
67 79
56 51
60 65
89 74
92 73
68 67
58 54
94 91
61 57
68 98
96 51
71 96
53 80
55 92
65 72
90 58
89 75
85 70
82 76
75 53
55 52
61 66
95 61
77 94
69 85
66 87
85 74
54 69
56 57
92 92
65 86
57 94
82 81
54 75
98 51
50 79
56 63
70 93
76 80
51 58
100 93
61 67
66 59
83 71
65 91
97 54
52 73
64 87
98 61
67 63
63 59
54 86
90 95
84 60
86 53
94 81
90 51
67 58
71 67
82 71
81 95
94 68
79 71
94 75
81 74
94 69
52 59
82 58
70 96
57 91
78 81
67 70
60 54
93 73
77 92
57 83
73 76
67 51
90 52
80 97
96 69
71 93
74 83
84 99
79 87
69 88
86 60
89 71
65 84
75 61
54 66
74 61
82 81
89 62
79 98
59 91
100 53
94 57
95 78
53 59
87 100
83 62
72 87
88 55
85 61
75 86
81 71
68 91
69 67
72 98
93 60
93 77
66 69
95 80
93 86
61 81
57 94
91 98
85 52
96 92
64 93
63 67
79 81
86 67
67 74
83 94
68 51
52 67
84 69
61 67
99 93
100 50
99 84
88 57
54 57
74 84
56 78
64 77
58 81
61 92
69 59
81 95
52 99
78 92
62 85
81 85
59 71
54 68
68 76
62 82
98 63
51 83
97 78
93 73
98 83
52 53
55 72
56 98
73 74
84 88
75 94
88 58
54 53
78 97
61 78
93 92
83 81
75 59
82 73
65 56
50 78
89 94
74 73
69 80
96 94
85 91
65 95
83 96
56 70
92 57
83 70
63 70
82 57
76 52
77 63
86 68
58 84
83 84
97 54
60 50
77 56
68 57
94 71
82 61
73 100
96 59
63 76
74 83
76 82
68 71
71 70
83 96
94 83
69 92
75 88
79 72
95 78
51 90
89 62
70 72
57 58
97 80
55 75
77 65
55 66
88 99
88 75
86 61
68 75
73 75
75 68
61 57
52 60
74 94
72 67
55 51
50 92
52 92
83 54
82 69
76 92
85 89
96 73
75 65
88 59
52 83
61 76
75 68
64 57
65 57
62 64
88 66
97 52
85 100
78 57
73 97
68 97
85 60
91 87
89 55
66 83
96 56
84 62
100 93
78 56
92 54
68 52
71 80
98 96
54 79
95 98
100 86
92 54
70 59
84 85
100 75
90 84
76 56
56 96
56 86
61 69
56 55
61 61
61 94
82 55
92 59
95 79
80 99
86 73
95 66
94 93
94 59
99 94
68 75
96 94
78 99
86 92
51 76
60 97
61 88
97 52
55 73
62 76
52 94
56 67
67 86
73 100
54 100
59 99
65 67
58 59
52 91
73 77
75 55
56 89
51 69
55 72
70 77
100 56
68 99
56 63
50 98
60 77
72 63
55 70
89 60
75 53
65 71
95 100
100 76
61 57
66 70
88 92
90 90
95 77
91 64
51 96
99 84
71 50
74 55
79 72
84 71
65 79
92 79
64 95
89 87
63 63
50 83
98 99
63 90
74 76
89 56
60 86
77 85
61 60
82 80
100 92
90 93
83 99
52 81
52 87
98 71
74 61
58 68
96 70
80 94
68 84
71 70
73 64
58 82
64 60
64 54
85 50
66 55
64 63
87 100
60 69
71 94
72 98
76 65
74 62
64 54
61 78
70 88
99 72
56 69
100 86
51 60
80 56
61 74
62 86
72 91
56 52
87 70
73 77
52 53
93 69
77 77
79 76
61 65
90 79
61 65
64 88
63 77
62 79
54 97
92 98
71 89
87 69
91 97
67 98
99 68
51 76
70 52
85 94
96 58
79 88
93 87
77 58
55 91
95 62
100 94
83 67
51 70
68 95
83 98
76 89
64 56
80 94
99 53
97 71
52 83
69 71
58 83
88 89
62 75
77 96
89 62
50 64
55 79
79 58
55 56
66 51
75 57
65 51
88 58
93 67
77 57
86 56
75 70
71 92
63 65
77 86
64 55
65 80
74 97
77 76
74 63
71 68
60 79
53 58
58 98
61 66
73 67
61 53
81 93
57 97
66 73
52 79
91 56
56 94
95 68
73 97
77 74
81 75
96 80
59 91
88 57
61 67
78 91
99 56
71 63
85 100
97 63
88 52
85 86
87 65
82 85
78 94
84 92
77 58
63 74
60 87
60 70
62 59
83 91
86 74
69 71
83 90
56 84
96 93
52 90
99 60
65 91
66 98
76 81
84 56
75 51
95 74
77 64
52 73
62 83
75 59
90 54
63 91
60 77
94 57
54 74
82 65
74 80
70 78
51 50
78 57
87 51
98 72
76 74
55 95
96 73
53 59
50 54
77 98
92 93
98 70
94 66
53 85
83 52
83 75
62 55
51 63
83 87
76 72
78 97
52 94
61 80
99 93
68 73
81 51
76 66
98 99
84 86
86 83
93 50
80 82
87 66
50 84
93 55
83 95
88 100
75 95
67 78
73 90
71 51
68 77
86 59
75 82
85 95
92 53
86 71
59 58
76 89
77 59
83 56
54 89
70 83
73 69
733 676 965
85 59
88 64
75 77
93 66
84 66
77 51
83 78
79 98
82 87
92 58
61 62
74 70
94 60
51 96
74 69
65 62
75 82
92 51
69 78
75 50
66 77
80 79
60 51
62 88
84 83
100 80
62 89
86 73
70 51
73 73
85 52
62 62
86 83
72 84
51 81
82 53
71 84
86 81
83 73
55 91
79 76
63 91
53 79
68 63
63 100
72 93
94 89
80 82
90 93
70 51
53 61
85 60
97 53
88 99
63 100
60 58
60 60
87 61
50 72
96 50
100 82
91 86
63 78
77 51
79 94
76 81
55 100
54 53
75 61
92 99
90 97
63 99
86 54
99 60
98 55
58 53
59 50
75 50
79 71
64 63
52 95
68 90
92 64
53 78
79 59
63 100
57 51
73 98
84 78
64 63
97 95
94 85
63 99
72 56
60 98
80 92
69 81
89 83
78 73
52 52
52 64
57 89
82 79
97 53
74 61
97 67
95 91
80 98
72 78
50 53
91 80
58 79
68 81
55 78
76 85
80 77
77 71
80 77
72 79
60 70
65 59
99 59
71 64
77 64
90 58
77 98
66 86
62 95
77 73
55 52
97 65
76 80
87 71
78 71
67 58
73 70
75 59
97 92
63 64
96 64
72 77
66 97
86 67
55 69
94 80
79 58
61 89
91 52
84 53
67 57
74 76
64 89
76 85
69 55
53 60
50 93
92 83
80 94
60 63
89 57
96 71
72 72
68 96
90 58
71 74
91 84
82 97
82 58
80 67
64 79
66 55
80 100
68 83
54 72
73 53
60 78
65 75
69 52
55 97
63 66
87 86
87 77
72 57
82 58
65 61
88 91
98 72
50 59
63 66
91 96
64 99
69 54
53 75
95 91
62 72
62 94
75 61
75 71
52 77
87 72
67 73
75 72
72 70
79 53
75 66
83 53
67 58
93 81
50 53
55 96
65 77
82 83
86 78
50 62
56 70
66 81
79 59
67 74
52 73
96 87
80 52
79 96
50 90
83 59
77 67
53 62
97 53
80 54
50 88
65 89
78 95
87 100
90 74
63 84
82 89
52 67
62 59
88 80
83 72
78 84
98 54
69 61
52 70
51 100
64 51
85 59
91 80
67 59
79 50
100 98
58 62
66 79
93 56
85 97
86 51
58 77
94 100
89 78
88 76
62 84
53 69
69 94
82 90
77 81
70 51
74 74
93 61
61 54
87 72
89 75
56 64
66 52
56 68
65 80
76 50
61 51
60 79
95 97
81 79
71 60
53 51
55 89
78 58
73 85
88 84
100 66
80 78
63 55
52 78
69 85
72 94
64 78
62 72
66 93
71 58
90 82
56 73
69 63
79 86
95 53
94 90
60 69
90 74
92 98
78 76
58 98
59 92
98 55
92 83
79 78
79 75
61 70
52 52
51 59
59 95
63 99
57 88
72 98
90 62
70 50
77 67
87 53
79 100
95 69
76 96
80 99
77 90
73 72
100 73
97 72
88 76
83 98
86 74
62 96
51 97
78 91
65 89
62 56
99 98
65 92
83 69
84 72
57 95
74 79
76 100
97 63
87 55
53 79
86 62
82 100
51 69
77 50
99 99
87 88
71 72
89 73
82 94
77 57
55 72
80 69
62 50
66 52
87 83
85 62
56 65
55 54
63 90
68 50
85 91
79 60
95 73
60 59
78 59
94 99
59 98
68 97
83 61
68 83
64 64
100 85
76 67
57 68
65 96
70 72
56 83
58 61
57 96
57 82
94 51
85 87
63 90
52 74
92 90
73 83
95 97
63 78
90 91
78 67
65 85
91 86
64 79
80 56
59 90
53 56
63 56
60 59
89 87
62 99
90 99
71 80
74 85
69 57
72 98
62 80
74 56
59 76
53 63
64 97
66 83
98 56
60 97
53 53
54 95
77 88
94 89
96 77
97 62
81 52
92 51
64 66
77 56
50 70
91 64
80 82
94 100
58 69
52 70
57 82
64 57
87 76
91 84
71 52
62 77
71 100
65 69
97 87
100 61
59 97
81 75
55 89
94 68
52 77
56 50
74 54
65 82
100 86
63 50
92 62
76 93
71 97
50 52
75 60
70 52
60 52
79 84
74 94
68 54
93 81
87 59
60 55
80 62
93 94
72 67
85 86
91 65
87 82
94 88
50 76
69 58
85 60
94 61
77 62
92 59
65 89
87 86
61 91
89 93
86 58
57 62
88 93
93 57
50 96
91 57
98 79
54 56
83 98
92 97
99 65
90 72
65 67
100 99
86 66
86 89
64 60
95 97
82 78
78 59
68 73
62 81
65 82
61 96
81 50
76 91
82 92
52 75
76 53
60 61
53 80
73 75
86 89
87 96
97 97
99 84
95 61
79 81
88 82
78 96
85 88
83 61
65 93
55 58
98 73
69 69
96 61
68 80
83 64
84 99
52 61
97 56
95 59
79 80
74 95
53 74
64 50
74 68
59 72
99 87
55 74
96 81
53 52
69 91
65 80
82 78
65 65
61 63
68 85
65 75
61 63
91 82
57 93
80 60
84 77
58 62
96 97
62 56
59 68
71 100
50 63
56 85
90 76
51 66
83 79
53 98
77 97
53 59
98 87
85 66
52 62
56 62
94 89
87 65
81 50
85 77
89 82
51 78
80 88
95 90
64 93
51 78
65 62
72 58
76 59
74 52
74 99
53 68
89 79
91 63
70 89
80 57
89 85
87 70
78 92
87 87
72 64
64 81
50 55
87 61
81 50
71 87
53 83
84 90
79 78
70 84
90 78
97 76
54 77
100 73
70 99
91 51
75 52
98 95
82 99
88 54
67 93
60 87
66 69
75 59
87 74
79 79
90 95
97 86
66 89
76 84
57 82
75 66
62 79
62 86
90 58
71 58
96 85
78 50
85 81
94 50
60 61
87 100
68 82
94 59
84 80
97 67
57 57
95 55
71 76
77 93
64 83
66 77
99 97
96 62
65 75
86 95
67 70
53 64
80 67
60 76
76 76
85 80
91 54
61 73
96 63
93 90
72 70
91 79
54 71
94 82
75 51
72 52
61 80
86 89
82 66
79 100
88 50
86 61
93 99
70 64
55 53
65 92
97 77
50 62
57 52
73 59
59 52
81 58
77 62
65 62
74 96
98 84
97 94
56 62
55 59
91 54
69 56
52 72
80 75
65 75
85 96
89 59
99 55
65 51
65 72
80 91
52 63
97 88
73 91
95 96
84 52
97 97
66 63
57 85
91 78
66 58
53 91
85 72
63 71
80 58
86 76
96 81
67 57
61 99
95 90
77 51
84 75
99 77
58 53
65 72
686 311 765
60 61
56 54
64 91
71 87
76 75
83 92
55 89
75 77
67 64
55 56
62 55
68 53
81 59
78 89
92 62
74 71
69 75
69 66
78 92
62 50
90 51
95 74
97 60
59 78
66 57
60 59
63 70
99 76
57 79
94 65
66 87
62 60
96 56
60 55
66 82
100 89
85 69
69 75
77 67
58 50
91 83
87 98
77 93
63 57
66 85
90 57
81 98
93 88
97 88
98 95
57 80
55 53
58 76
98 69
82 81
91 86
58 57
88 80
68 90
78 60
56 57
93 83
75 66
87 100
92 62
69 85
64 84
82 54
56 94
51 53
68 91
61 99
74 52
91 100
82 67
99 58
88 71
96 88
56 85
76 85
93 65
69 99
65 76
94 54
85 50
62 64
53 67
93 98
82 57
55 100
94 91
61 80
65 56
80 80
99 80
60 77
74 53
53 76
78 73
60 66
78 92
56 58
82 79
86 90
94 83
61 88
53 92
51 78
50 70
87 85
92 51
56 56
80 88
94 53
60 97
100 65
86 55
52 99
91 61
85 97
53 76
55 86
60 87
63 98
66 57
75 86
67 61
97 77
80 100
65 93
53 93
98 53
61 92
92 52
73 84
55 73
82 58
54 52
65 51
74 62
56 52
82 57
70 50
99 76
50 97
80 58
92 69
57 84
98 76
73 61
78 75
58 74
88 97
55 86
67 51
56 99
88 95
92 80
61 68
83 57
80 71
65 72
93 65
61 71
68 58
50 72
87 63
58 78
94 99
53 87
58 86
50 61
94 87
93 56
87 58
82 91
92 89
71 94
81 73
64 90
98 95
72 84
50 85
54 72
88 68
88 74
85 80
54 90
59 93
67 79
97 89
51 75
78 91
88 52
86 59
50 82
83 82
86 61
83 71
84 84
76 96
72 91
90 93
65 82
60 61
86 89
51 54
81 50
62 52
59 66
71 59
82 98
83 58
63 64
59 100
53 89
92 76
77 75
73 68
77 70
86 55
100 73
67 100
89 83
79 65
67 81
56 95
91 66
69 86
94 78
92 58
69 54
99 84
95 69
51 75
95 76
80 71
55 88
88 55
58 53
67 83
54 93
85 86
79 63
87 54
94 74
74 91
51 97
65 51
87 72
54 68
66 84
65 75
87 82
54 55
98 91
50 82
87 74
50 55
85 50
99 56
97 86
56 83
70 55
96 81
73 72
63 97
64 52
84 93
82 51
52 99
55 50
54 50
82 66
51 85
82 98
79 76
70 85
78 60
93 75
70 89
51 60
100 83
100 51
90 53
51 57
57 82
72 72
83 96
88 50
81 100
85 97
54 60
95 90
93 65
63 65
50 81
97 80
73 79
65 89
84 83
75 50
60 84
95 83
73 69
56 75
55 77
85 86
58 88
74 59
54 70
92 75
72 98
51 87
80 77
77 76
65 51
90 76
93 94
93 58
90 83
60 78
99 99
84 70
73 62
56 98
79 79
53 85
98 79
91 87
76 60
60 82
66 86
63 61
92 87
95 77
67 61
59 68
95 83
69 71
93 50
76 74
93 77
81 86
61 52
72 77
51 78
82 88
53 76
62 67
59 78
67 70
76 94
64 98
69 63
51 64
79 72
51 66
64 60
68 81
98 57
97 69
62 66
67 98
70 63
79 97
76 59
98 83
93 84
65 53
98 62
67 58
81 69
62 80
97 64
75 61
86 58
59 86
94 90
72 89
54 100
57 51
94 60
57 67
86 56
63 77
100 59
61 75
63 53
78 59
67 64
87 90
60 84
77 70
67 58
84 79
81 74
80 63
64 67
50 92
97 66
89 87
94 89
97 59
56 50
96 72
82 87
56 98
81 54
90 89
50 65
56 59
83 92
57 69
97 88
61 60
89 76
52 62
57 84
85 81
61 100
80 84
63 67
83 84
79 75
64 52
72 76
53 82
79 66
60 98
52 54
93 52
89 56
62 89
87 72
71 66
80 76
52 82
71 81
99 88
100 95
98 97
69 53
100 76
68 54
88 52
97 78
71 95
69 62
52 51
97 78
93 50
63 84
58 51
84 70
57 65
87 80
99 88
91 92
76 61
54 60
78 100
96 80
57 80
72 66
98 82
61 74
56 50
91 99
82 93
99 100
50 100
89 59
64 54
86 62
85 77
69 86
92 62
60 81
91 73
94 99
85 98
57 56
76 99
89 61
55 76
60 67
71 90
89 56
68 71
97 84
82 58
51 89
65 76
93 52
54 94
59 81
91 63
70 79
88 67
82 93
52 78
73 61
87 54
84 99
94 88
87 73
88 71
92 69
73 58
100 78
73 66
67 87
86 50
97 90
54 100
69 67
100 51
69 69
93 80
57 84
79 88
80 58
74 90
89 90
72 97
64 92
86 94
73 56
89 95
61 81
62 69
81 99
89 64
69 68
63 66
53 72
66 72
65 94
99 55
90 99
81 72
93 55
87 51
81 71
80 84
66 54
68 50
59 69
73 87
86 84
81 61
62 72
77 95
100 77
87 88
54 63
96 72
86 61
85 92
67 100
57 62
84 58
64 80
92 58
58 56
69 87
85 59
72 65
93 59
97 98
99 50
61 77
98 94
81 62
77 86
70 96
51 84
51 89
67 99
69 51
73 73
76 74
93 69
87 79
50 76
72 97
81 74
66 92
99 83
92 85
84 58
83 92
63 92
73 52
59 97
56 98
52 59
69 76
99 86
98 100
59 59
90 71
71 60
97 53
72 69
84 94
87 56
74 83
66 68
59 60
100 54
80 100
68 88
74 67
54 94
98 71
74 82
67 75
53 90
79 73
76 55
53 98
80 69
80 62
57 96
55 66
52 50
76 72
66 78
78 63
65 63
62 89
50 89
63 56
69 53
70 68
100 67
97 52
91 85
83 98
87 88
94 91
88 95
52 68
75 54
73 95
59 72
98 55
79 67
51 63
66 69
89 100
100 75
63 50
53 60
53 93
58 55
94 97
92 63
75 57
88 68
98 55
53 82
86 75
72 90
94 50
97 63
77 51
57 94
94 98
98 59
51 61
69 54
61 69
50 86
59 94
61 70
66 54
65 81
50 79
90 100
56 86
71 75
71 78
62 91
774 336 854
71 95
82 54
56 96
85 84
72 75
65 60
86 54
85 70
99 79
56 72
90 61
50 60
55 100
89 61
93 89
88 62
81 93
56 66
55 64
56 96
79 99
66 90
50 53
97 65
87 84
70 97
96 95
61 82
89 54
98 54
53 80
96 98
96 82
84 79
50 91
92 76
92 54
57 65
67 98
99 77
94 81
76 63
56 53
95 94
81 55
71 54
83 51
92 88
73 72
74 99
79 65
51 98
59 62
84 69
91 80
80 67
75 95
72 94
86 85
66 54
93 51
72 74
82 85
75 75
91 94
99 58
85 88
60 63
77 72
80 99
55 74
58 70
95 99
91 58
54 93
86 51
57 59
97 61
68 80
58 59
60 88
95 81
61 64
70 87
56 70
52 99
81 63
91 69
84 100
88 61
91 95
84 76
53 89
91 57
70 97
92 98
87 70
80 59
67 53
62 95
96 96
90 97
98 79
98 50
80 85
86 79
74 70
65 73
71 80
58 64
86 73
84 92
91 98
65 62
64 59
67 62
82 78
75 63
96 98
64 91
86 57
57 78
86 88
79 92
63 50
64 99
84 88
69 58
90 53
96 56
94 58
71 94
89 57
92 52
50 78
67 86
72 66
89 77
75 88
67 98
57 67
85 74
85 91
93 65
98 51
92 83
52 89
62 88
55 72
78 54
58 63
83 78
85 71
90 97
78 54
97 53
95 63
63 87
66 74
98 86
81 93
50 94
100 90
69 55
52 60
81 99
87 59
93 90
79 65
98 82
95 76
71 100
64 76
87 97
61 82
81 86
87 55
85 69
85 64
86 96
77 66
99 89
100 86
53 89
63 95
90 100
63 81
93 98
81 67
66 61
82 87
59 76
62 85
61 99
84 90
76 61
79 84
69 83
55 88
55 71
72 71
67 72
86 95
77 83
73 96
100 55
52 73
70 51
64 61
69 55
69 61
73 85
89 78
58 98
59 65
61 72
61 53
86 65
61 100
98 77
50 65
73 92
88 89
87 69
65 71
72 91
70 77
77 97
81 90
58 81
81 53
72 68
55 62
69 88
58 61
50 50
50 66
81 74
59 77
89 60
86 83
66 55
50 96
69 63
72 60
59 86
74 58
74 79
59 56
56 98
54 90
50 87
74 65
95 87
67 94
62 53
85 99
83 64
86 81
88 65
51 73
60 62
93 60
90 70
81 76
55 83
74 94
76 52
59 84
72 60
83 100
50 77
55 72
50 99
57 78
88 62
63 85
73 68
98 94
66 68
95 79
53 55
84 68
67 75
79 92
50 92
52 64
97 73
51 74
59 55
83 78
94 95
52 91
56 92
97 66
90 97
66 63
61 76
72 60
55 98
68 66
98 72
64 65
70 59
95 91
96 57
62 75
60 57
52 91
53 85
70 63
65 95
66 73
72 93
85 51
68 87
87 85
94 90
80 95
80 52
53 95
57 99
79 96
78 81
90 77
74 85
74 86
85 83
87 72
50 86
82 85
81 99
65 85
77 79
93 100
58 69
84 70
87 60
87 97
77 69
73 85
69 90
78 56
50 70
99 67
84 57
80 98
89 57
97 54
54 58
72 67
76 75
71 54
61 73
76 62
63 97
56 75
96 100
75 92
75 61
95 94
59 96
80 55
97 63
98 76
55 88
82 71
60 88
61 64
81 71
79 53
81 70
78 98
60 52
77 69
91 97
100 85
86 69
60 90
99 95
67 58
55 85
87 77
53 79
81 89
90 79
51 79
75 67
87 92
91 78
67 83
99 99
76 50
83 57
96 99
67 70
73 100
54 99
59 73
51 68
62 83
78 52
63 53
58 99
99 60
52 72
72 68
92 87
77 55
64 85
100 88
87 56
98 92
62 66
90 53
99 50
74 100
89 90
57 95
61 57
92 79
91 73
87 58
50 96
66 77
71 65
56 50
56 59
61 60
59 70
50 58
97 75
67 76
85 94
76 92
76 54
59 82
86 75
68 50
87 70
98 64
63 66
66 66
63 69
74 59
70 67
50 71
63 51
80 100
60 63
81 67
75 95
60 87
86 67
52 90
60 80
91 95
92 72
88 84
78 75
59 71
94 51
66 56
70 57
96 51
95 79
56 71
72 59
81 76
63 60
96 87
75 97
94 93
87 58
74 57
55 65
79 59
97 83
50 50
64 67
61 91
71 99
65 81
53 98
91 92
62 52
84 78
76 63
81 99
91 76
92 77
100 70
81 75
80 57
68 67
50 95
61 54
74 63
54 64
73 78
80 87
81 82
70 95
57 84
94 94
87 71
86 76
71 68
51 67
61 85
51 75
57 84
99 91
99 80
81 58
70 69
90 87
74 57
76 58
93 71
67 73
53 98
85 78
75 57
58 60
83 80
58 64
91 89
60 51
91 89
66 87
94 59
86 60
95 68
62 66
87 75
74 100
100 61
54 54
69 91
72 100
75 68
83 93
80 63
64 96
82 58
93 73
71 77
75 79
61 87
93 50
97 84
97 87
97 72
85 51
52 89
92 53
91 99
52 63
51 97
93 89
84 60
90 68
97 100
59 85
62 88
56 64
61 94
79 50
74 63
52 55
63 85
87 55
88 93
88 96
91 59
100 98
85 83
91 95
64 83
55 89
51 76
57 94
54 98
70 77
87 92
97 56
79 73
83 75
52 60
50 77
89 65
57 59
75 50
51 73
70 51
52 78
98 62
84 70
91 62
58 70
88 51
96 91
87 73
81 90
92 79
71 96
84 77
81 93
59 91
100 59
72 51
69 99
81 94
90 59
68 58
50 84
97 91
56 71
83 87
100 56
80 94
99 66
64 78
79 67
100 80
61 79
53 53
72 59
81 82
93 70
83 70
78 75
95 70
87 79
99 75
60 81
77 100
61 51
99 93
65 77
66 63
81 86
58 89
68 92
58 87
51 94
100 55
80 70
59 81
69 92
82 61
52 67
96 99
82 73
93 72
97 61
83 69
94 91
55 50
57 69
52 58
78 59
57 78
98 73
75 57
53 58
77 55
63 93
50 76
90 58
60 66
93 87
78 75
68 51
52 85
82 78
98 65
69 77
72 58
74 87
57 52
68 92
94 67
59 92
100 73
83 68
52 81
58 84
92 50
54 80
95 62
89 80
67 98
77 89
66 77
78 55
66 81
82 51
97 50
95 82
90 75
57 63
60 88
99 96
64 85
78 81
73 60
55 93
70 81
82 52
87 91
56 95
97 98
55 97
51 96
85 99
95 96
87 64
83 59
88 74
66 99
77 94
50 76
86 64
61 84
77 71
91 68
75 72
64 100
70 67
53 73
64 63
79 70
77 62
74 63
100 82
89 98
83 59
50 90
61 79
64 71
78 76
78 66
53 56
67 58
66 84
60 91
95 64
63 66
50 61
60 51
70 62
95 89
69 77
79 95
60 89
63 87
57 59
56 85
51 59
57 68
58 81
58 84
64 98
56 97
82 58
75 79
99 91
60 91
54 91
91 98
78 56
66 100
971 318 613
77 98
59 96
97 75
60 73
63 66
87 66
60 61
69 82
60 65
97 61
51 58
84 95
98 55
97 95
84 55
50 87
88 50
61 86
91 85
56 61
71 92
65 90
79 65
90 89
77 76
59 62
78 84
93 65
75 75
81 70
52 86
77 83
70 96
91 88
74 78
54 87
85 85
86 71
76 94
61 75
53 97
64 63
94 53
89 58
89 71
53 92
78 63
81 60
84 54
63 73
80 65
64 90
94 51
63 61
68 67
68 98
67 64
79 88
58 81
58 59
94 76
50 99
99 71
65 85
87 53
94 85
64 92
72 59
77 56
57 59
85 97
61 76
90 78
54 99
96 70
80 94
53 63
84 99
84 96
69 94
96 66
69 87
50 69
81 62
52 58
83 86
61 78
62 64
73 87
65 76
99 73
67 80
60 57
64 58
86 80
93 96
74 67
84 70
84 79
97 69
68 85
67 58
51 66
96 93
87 65
84 62
51 62
97 97
99 76
56 91
99 78
61 60
66 78
85 55
97 76
65 71
92 59
66 97
83 77
81 64
68 69
67 95
59 94
81 61
60 66
51 65
74 87
67 86
51 68
75 55
92 87
87 68
53 80
53 63
58 97
88 65
80 82
51 76
80 54
85 72
96 59
86 88
82 83
97 71
94 92
70 70
80 68
75 91
73 61
54 97
65 55
58 65
80 98
96 53
76 73
50 82
57 82
67 55
99 80
100 84
70 90
65 67
78 65
64 54
50 51
66 90
76 92
55 76
90 55
80 76
52 68
50 75
50 92
99 94
83 86
55 71
96 91
64 56
58 54
83 68
67 94
98 53
70 88
57 84
67 92
71 90
89 87
88 74
75 87
81 92
73 62
96 92
51 72
64 66
98 85
80 98
84 50
68 68
92 67
53 55
62 52
62 62
72 64
89 72
79 97
69 58
100 76
58 59
80 77
73 53
80 61
96 80
52 90
100 90
70 60
54 95
52 63
57 64
55 86
89 81
74 61
57 72
69 96
99 95
84 54
85 58
54 54
79 69
79 70
67 58
94 100
62 70
68 64
81 97
66 57
100 73
80 95
71 52
72 72
93 65
73 89
99 87
77 86
50 94
64 96
89 66
58 100
82 61
74 85
56 75
98 56
56 54
93 58
66 78
71 62
84 63
97 98
88 72
60 65
53 85
95 54
90 55
77 76
87 56
96 71
71 77
93 95
91 78
61 51
70 75
50 62
74 65
51 72
74 53
71 93
99 50
99 68
62 61
66 73
64 82
87 75
92 55
65 83
99 86
52 52
53 53
70 79
67 51
66 59
54 99
87 82
53 75
67 74
76 91
58 79
75 56
97 66
89 72
79 63
85 56
78 59
62 78
90 69
91 70
71 90
55 65
65 73
62 60
88 74
70 76
51 80
78 80
94 94
89 97
99 61
100 78
71 72
75 100
75 55
83 76
85 70
89 68
99 63
75 90
91 52
91 73
78 99
92 63
50 79
85 56
71 94
88 67
60 56
79 93
81 91
92 82
62 98
93 57
64 52
86 87
51 71
98 96
51 71
91 70
81 54
84 69
84 88
76 82
55 60
85 72
52 100
50 91
98 59
69 95
86 77
57 74
72 58
89 57
74 70
91 90
76 99
91 68
60 94
71 69
52 72
50 84
79 96
71 61
89 94
56 52
59 66
64 73
78 73
82 94
54 94
53 62
88 69
56 97
54 68
69 86
51 94
82 57
81 91
55 59
70 66
71 74
83 81
61 65
54 86
98 91
50 73
79 66
73 79
54 69
73 98
69 96
71 78
53 91
61 69
94 58
88 97
67 85
70 79
94 88
87 97
99 65
68 81
98 97
53 62
65 99
67 51
84 90
82 74
83 75
80 75
100 94
72 96
56 80
96 96
69 99
81 89
99 78
52 63
91 86
63 51
97 72
84 75
87 55
72 66
69 98
71 62
58 74
61 58
97 63
67 99
76 89
59 85
100 88
81 89
76 84
72 62
62 52
90 58
77 60
94 53
54 84
67 81
99 78
67 74
62 75
73 71
60 55
83 55
71 71
69 92
73 57
96 71
55 80
98 58
80 77
81 52
78 83
86 67
85 97
93 83
56 94
80 83
100 69
60 90
94 87
81 78
71 50
80 72
89 58
58 72
70 88
65 87
64 62
67 87
85 82
74 79
92 93
64 95
98 70
50 88
76 80
64 91
58 99
51 99
55 56
100 95
89 97
51 81
78 69
69 86
51 63
100 61
90 54
88 83
79 86
70 99
72 59
94 100
100 57
59 59
88 82
78 95
97 91
90 84
58 97
89 57
57 100
96 59
50 76
67 73
67 98
65 73
62 90
78 69
53 64
100 70
72 54
56 63
82 70
69 98
85 51
98 78
74 100
95 86
99 92
73 80
83 50
68 81
75 76
61 96
70 51
85 78
95 59
76 83
90 71
83 100
100 87
83 55
94 79
68 85
100 92
62 69
68 54
96 75
92 52
68 93
100 79
58 99
66 86
93 64
88 74
55 74
91 67
99 91
61 69
83 51
66 97
50 72
84 97
82 79
64 69
94 51
82 74
68 86
88 67
60 83
76 54
51 77
80 87
58 77
98 94
55 95
63 89
93 50
100 71
74 68
67 66
81 95
61 98
72 57
75 82
73 65
51 90
88 53
97 89
75 77
87 60
82 60
83 64
97 53
100 82
78 52
77 69
93 94
62 100
73 63
79 93
86 65
99 64
82 70
84 88
81 90
90 70
71 56
84 91
74 63
56 62
51 91
64 64
81 73
70 76
90 90
76 56
82 64
69 88
65 82
53 53
65 68
73 95
100 81
94 89
82 55
60 94
82 71
99 69
80 83
60 58
69 91
83 77
89 56
59 92
65 75
56 74
91 59
94 97
60 55
71 68
94 79
54 62
86 69
93 96
89 73
64 78
96 93
57 84
92 98
63 73
81 61
66 80
86 54
62 64
79 76
52 82
75 86
79 93
83 66
64 59
70 67
94 63
97 83
81 100
89 54
84 61
54 92
79 87
83 91
92 69
95 81
90 68
88 100
67 70
70 94
74 90
83 53
82 78
93 76
61 76
72 93
55 68
82 55
98 86
75 78
52 66
73 94
68 51
75 94
80 71
93 92
63 76
86 89
61 99
62 65
68 55
65 66
61 58
96 83
60 78
81 86
57 97
68 54
63 76
70 75
69 51
66 79
93 60
76 95
74 83
65 51
100 50
59 82
85 91
78 62
64 51
58 90
65 88
88 76
90 99
86 73
97 90
56 86
68 90
91 90
80 74
60 99
59 98
71 50
86 66
76 92
63 62
66 57
99 89
50 72
70 69
63 81
82 63
61 78
52 92
90 59
89 61
79 100
66 88
75 66
92 57
64 94
67 53
91 74
68 65
50 89
91 55
51 51
68 59
65 90
72 51
58 53
55 61
51 59
87 54
95 96
58 51
84 95
77 52
52 92
97 85
76 67
72 88
53 76
60 75
75 73
99 93
64 57
89 94
62 61
97 85
52 51
96 72
82 80
52 67
55 75
54 93
54 76
50 66
79 51
51 100
93 82
70 71
59 62
84 85
97 90
61 65
81 74
97 52
65 68
65 99
75 61
79 71
60 51
54 74
85 86
64 74
51 64
53 96
85 94
54 76
78 82
77 100
76 79
98 76
97 99
57 56
78 63
66 60
64 58
68 70
89 100
96 85
66 81
65 65
51 84
92 64
78 69
63 62
88 89
72 69
58 59
52 70
97 64
86 83
90 98
96 77
67 83
89 55
89 96
83 83
67 89
71 77
64 62
73 82
98 63
85 51
69 83
69 87
59 65
88 76
93 98
95 75
58 93
51 60
56 93
90 92
73 51
53 69
75 64
64 92
63 96
63 68
73 67
58 88
73 82
82 82
82 99
58 92
67 96
75 64
87 57
78 97
70 72
92 61
100 53
67 78
52 70
64 91
65 50
59 85
79 87
60 87
64 91
99 53
83 58
63 80
62 50
50 51
67 96
50 84
50 100
53 99
98 70
98 83
86 50
68 93
90 91
97 57
82 91
86 57
60 64
57 67
79 62
81 89
91 74
62 98
79 65
81 52
98 64
84 69
59 66
67 60
83 56
74 80
57 74
54 53
55 63
78 63
71 61
50 97
63 60
78 83
64 73
62 51
81 87
57 77
100 84
50 87
91 77
95 58
73 99
62 54
88 94
76 88
66 92
88 95
58 93
80 96
96 85
63 86
69 83
57 92
82 66
63 70
83 99
79 69
93 59
82 93
91 95
63 99
73 58
77 97
56 65
93 92
67 89
69 76
94 72
59 59
99 57
68 97
92 54
68 68
58 82
70 86
51 74
89 88
61 75
53 53
67 93
97 86
89 79
87 81
96 88
566 80 790
73 57
52 73
71 86
82 70
69 53
67 66
97 94
71 76
100 65
89 74
65 62
93 83
90 71
72 83
100 61
93 86
71 85
92 93
91 68
69 73
79 78
87 62
55 85
58 80
61 92
87 80
89 93
81 88
55 74
71 67
67 50
92 61
59 92
96 59
71 81
92 91
71 88
78 50
53 61
88 64
55 68
87 84
63 64
50 63
57 82
60 63
67 89
74 56
93 80
50 50
100 62
80 100
81 85
55 81
76 84
56 77
62 77
94 94
72 92
98 73
84 99
88 57
81 87
97 86
95 95
92 56
61 57
73 77
52 93
60 75
79 59
81 56
54 91
74 66
52 52
72 59
78 69
88 69
96 95
86 78
96 91
67 75
53 62
54 77
89 99
57 80
84 100
61 86
53 63
71 95
92 95
77 57
91 62
51 56
53 94
100 70
73 92
99 83
63 52
59 71
96 52
99 65
93 62
76 97
64 87
80 75
96 84
99 76
71 100
60 93
83 50
79 53
68 53
81 71
84 52
76 87
55 58
79 92
93 52
100 72
94 63
69 95
96 91
94 95
97 78
57 69
70 56
72 68
60 89
89 55
94 72
59 61
50 52
62 70
97 51
54 84
63 61
80 98
88 99
89 95
86 52
91 85
85 63
99 55
97 82
71 80
77 80
94 55
59 61
100 50
65 51
99 57
94 72
55 91
95 80
92 82
68 69
74 51
82 75
59 67
81 78
76 59
89 100
63 99
87 51
68 72
69 80
92 81
71 94
94 80
59 56
55 70
89 60
90 53
92 70
86 53
63 53
90 53
57 63
95 76
73 61
73 95
100 77
88 69
55 68
67 51
87 80
73 54
53 77
88 92
64 98
89 63
82 88
86 93
100 75
84 82
100 77
86 52
97 92
72 99
97 59
69 50
54 86
50 96
54 75
94 100
80 73
92 64
55 79
55 75
86 61
96 92
84 69
94 94
95 52
98 93
66 90
90 87
61 69
70 91
53 72
62 88
70 59
81 75
85 82
64 73
67 62
78 59
89 58
62 75
73 70
78 82
67 75
80 58
64 94
63 77
93 73
63 69
89 53
80 52
97 59
89 80
69 65
98 76
72 92
59 85
90 79
99 79
57 65
56 83
77 51
100 90
93 70
97 84
50 99
96 76
100 62
93 58
55 82
69 54
66 83
92 99
83 95
90 70
59 80
78 97
83 63
97 89
62 72
57 57
60 75
56 56
85 97
53 89
89 59
72 56
66 79
66 53
79 86
65 87
76 65
91 81
64 98
99 62
89 83
75 80
79 87
98 61
87 99
66 83
80 89
71 64
52 59
58 93
79 57
75 68
76 88
68 68
51 71
94 95
74 67
77 74
91 52
91 68
72 93
69 52
95 86
58 99
66 81
60 61
80 83
66 69
67 65
98 80
58 76
65 78
66 87
72 50
72 80
81 83
58 90
97 88
71 78
54 54
62 64
74 65
96 97
91 57
82 78
54 57
78 65
92 61
96 82
79 59
81 61
69 84
50 95
97 80
55 89
91 72
61 61
70 64
70 51
62 97
96 80
96 95
68 74
78 68
53 98
65 71
63 69
96 70
93 98
52 96
54 60
56 94
51 91
84 81
98 53
58 74
72 91
95 80
84 80
59 91
86 58
53 62
90 66
77 55
79 97
84 99
81 97
97 88
55 68
84 67
85 99
72 65
86 55
59 93
77 58
85 64
68 85
90 73
80 50
70 97
74 60
77 54
52 94
57 93
73 93
76 58
70 79
94 96
83 71
81 89
92 92
73 78
65 99
99 95
91 90
95 57
100 88
84 87
100 59
64 59
82 50
68 88
67 54
71 75
62 93
66 67
96 88
62 94
57 74
67 86
54 50
78 64
66 51
78 68
58 76
99 64
69 58
82 50
77 72
78 54
65 91
100 95
96 68
54 58
89 88
62 95
90 100
55 81
79 53
69 87
76 53
51 79
69 55
75 81
95 66
96 70
60 80
63 92
61 99
84 90
50 63
95 64
87 78
66 87
87 76
90 53
71 54
59 61
72 72
85 77
51 82
96 87
72 50
50 73
87 100
68 59
99 79
98 66
79 81
71 64
97 63
87 95
55 57
85 94
57 84
97 88
75 91
57 82
93 60
74 54
87 66
100 72
73 63
92 54
78 97
54 97
67 87
51 95
96 78
82 73
50 73
67 97
54 76
53 79
52 67
59 86
87 72
93 56
63 66
95 85
74 59
57 64
90 59
62 89
99 83
69 70
73 99
97 65
72 69
53 55
53 90
55 94
96 61
79 90
81 82
76 75
68 95
76 52
100 87
66 68
88 90
66 97
86 72
74 92
91 96
83 60
95 61
99 67
89 94
78 98
61 56
65 74
97 81
97 96
81 63
78 94
59 55
52 59
64 88
81 73
59 96
88 59
82 80
53 76
60 69
57 92
69 95
54 72
62 77
73 54
83 66
71 92
65 89
92 66
59 72
83 67
66 68
64 50
52 84
61 56
73 50
92 67
97 67
86 71
59 54
64 69
83 61
74 76
62 55
58 68
50 65
60 61
