5
45 2
76 98 29 19 44 91 38 6 72 60 84 51 98 9 45 27 94 88 11 24 77 53 41 74 12 56 47 6 15 7 51 96 45 95 71 12 46 97 1 39 50 49 47 71 71
27 50 15 56 56 83 60 54 46 11 48 17 14 51 83 1 18 72 77 63 48 45 56 48 5 25 41 97 7 66 77 19 54 76 94 56 37 42 54 43 60 22 83 6 53
43 2
49 70 75 49 26 94 69 16 51 9 26 63 33 6 72 28 38 1 2 69 91 2 48 89 91 13 64 62 16 71 92 59 5 45 43 51 2 55 3 31 72 70 76
79 35 99 30 9 70 75 38 41 13 92 41 34 44 77 14 29 92 14 85 68 84 69 17 18 1 5 17 29 70 31 6 11 28 65 69 44 72 91 26 99 29 82
44 2
46 92 39 60 81 53 18 3 55 71 68 49 97 81 4 77 87 47 100 73 30 63 20 43 53 10 96 79 90 5 35 28 19 4 60 36 51 65 92 57 16 60 2 64
98 11 14 80 49 100 52 14 39 55 85 17 58 94 45 64 18 58 98 88 94 25 51 59 19 90 61 90 63 32 98 66 9 46 92 8 79 74 93 30 10 91 46 95
47 2
9 91 46 97 80 97 34 33 60 30 80 86 77 52 88 45 16 21 7 61 53 78 28 20 29 76 20 100 71 1 14 67 38 97 50 73 80 56 52 6 81 54 89 74 11 86 42
32 32 63 55 32 28 80 81 78 84 47 28 34 32 43 31 9 25 75 27 68 42 90 41 81 23 3 98 36 26 58 44 62 56 13 12 65 45 27 81 66 23 85 8 37 32 72
37 2
38 66 7 87 43 75 92 57 48 4 48 40 89 93 47 68 37 62 56 58 67 91 28 5 64 66 28 30 53 42 93 68 11 36 88 36 32
35 61 40 97 97 56 90 81 98 97 7 23 93 18 21 100 19 69 52 7 34 74 27 47 77 86 70 37 25 83 43 11 12 20 32 45 68
