10
582 1
141 0
98
566 0 33 0
453 0 345 0
514 0 309 0
114 0 88 0
257 0 165 0
503 0 569 0
52 0 456 0
369 0 451 0
533 0 446 0
338 0 333 0
415 0 225 0
220 0 112 0
107 0 271 0
506 0 163 0
501 0 71 0
480 0 562 0
557 0 470 0
357 0 526 0
14 0 418 0
331 0 326 0
392 0 218 0
300 0 295 0
192 0 187 0
269 0 74 0
581 0 48 0
560 0 473 0
130 0 463 0
360 0 17 0
355 0 416 0
411 0 319 0
216 0 124 0
119 0 272 0
185 0 93 0
262 0 175 0
67 0 149 0
41 0 553 0
379 0 461 0
522 0 10 0
435 0 5 0
430 0 343 0
322 0 235 0
317 0 230 0
209 0 260 0
173 0 86 0
511 0 567 0
142 0 55 0
377 0 459 0
367 0 254 0
310 0 289 0
115 0 284 0
89 0 509 0
140 0 32 0
539 0 27 0
534 0 344 0
513 0 426 0
334 0 400 0
226 0 200 0
282 0 195 0
277 0 256 0
169 0 476 0
558 0 368 0
450 0 424 0
337 0 332 0
327 0 388 0
301 0 127 0
280 0 106 0
275 0 188 0
270 0 75 0
500 0 49 0
474 0 131 0
44 0 469 0
551 0 443 0
356 0 294 0
186 0 99 0
268 0 160 0
498 0 155 0
575 0 472 0
129 0 380 0
37 0 375 0
441 0 11 0
436 0 6 0
518 0 410 0
323 0 236 0
405 0 318 0
297 0 123 0
118 0 266 0
179 0 261 0
496 0 153 0
578 0 491 0
573 0 40 0
465 0 373 0
30 0 455 0
9 0 347 0
516 0 429 0
408 0 403 0
398 0 208 0
290 0 198 0
111 0 177 0
958 1
765 0
73
739 0 908 0
222 0 196 0
682 0 170 0
503 0 651 0
477 0 559 0
47 0 456 0
369 0 451 0
364 0 359 0
937 0 763 0
420 0 225 0
906 0 901 0
215 0 112 0
649 0 45 0
24 0 357 0
951 0 244 0
326 0 387 0
812 0 213 0
699 0 187 0
607 0 499 0
156 0 69 0
130 0 893 0
381 0 355 0
949 0 862 0
416 0 411 0
923 0 918 0
723 0 124 0
784 0 779 0
262 0 584 0
72 0 149 0
553 0 440 0
5 0 752 0
921 0 235 0
916 0 230 0
808 0 291 0
716 0 117 0
685 0 577 0
147 0 659 0
464 0 889 0
34 0 940 0
423 0 315 0
289 0 714 0
284 0 796 0
622 0 58 0
53 0 544 0
938 0 421 0
912 0 820 0
200 0 190 0
256 0 594 0
77 0 645 0
880 0 537 0
527 0 419 0
844 0 926 0
327 0 818 0
219 0 388 0
813 0 495 0
474 0 44 0
556 0 873 0
863 0 811 0
719 0 611 0
181 0 94 0
667 0 887 0
11 0 948 0
861 0 943 0
328 0 241 0
323 0 830 0
743 0 205 0
696 0 686 0
665 0 40 0
378 0 864 0
9 0 429 0
342 0 234 0
116 0 90 0
172 0 167 0
413 1
141 0
62
366 0 340 0
314 0 396 0
309 0 222 0
201 0 114 0
191 0 88 0
83 0 165 0
139 0 369 0
364 0 302 0
215 0 102 0
271 0 168 0
81 0 163 0
158 0 45 0
24 0 362 0
19 0 336 0
331 0 392 0
305 0 213 0
192 0 74 0
156 0 69 0
38 0 12 0
329 0 411 0
237 0 319 0
119 0 272 0
185 0 267 0
262 0 31 0
348 0 343 0
240 0 317 0
230 0 209 0
122 0 291 0
199 0 265 0
86 0 65 0
29 0 8 0
341 0 254 0
233 0 228 0
223 0 284 0
197 0 258 0
171 0 166 0
79 0 145 0
58 0 32 0
370 0 334 0
313 0 308 0
221 0 303 0
113 0 103 0
82 0 133 0
368 0 332 0
301 0 106 0
270 0 183 0
75 0 136 0
382 0 330 0
238 0 386 0
299 0 99 0
181 0 94 0
160 0 73 0
129 0 37 0
375 0 410 0
323 0 231 0
384 0 184 0
97 0 153 0
148 0 143 0
352 0 347 0
342 0 229 0
290 0 198 0
111 0 90 0
953 1
484 0
94
141 0 376 0
2 0 939 0
427 0 765 0
847 0 744 0
908 0 391 0
288 0 800 0
795 0 790 0
257 0 682 0
508 0 165 0
590 0 482 0
651 0 47 0
456 0 26 0
876 0 533 0
21 0 937 0
251 0 932 0
307 0 389 0
814 0 215 0
281 0 189 0
168 0 680 0
76 0 583 0
895 0 14 0
439 0 336 0
848 0 730 0
300 0 807 0
105 0 100 0
612 0 95 0
74 0 69 0
494 0 48 0
468 0 381 0
12 0 524 0
949 0 350 0
923 0 211 0
805 0 98 0
610 0 72 0
574 0 374 0
10 0 435 0
430 0 916 0
829 0 296 0
634 0 122 0
291 0 608 0
178 0 772 0
152 0 459 0
372 0 29 0
454 0 945 0
8 0 346 0
858 0 745 0
914 0 822 0
735 0 801 0
714 0 791 0
89 0 509 0
53 0 370 0
882 0 27 0
365 0 22 0
426 0 759 0
221 0 200 0
195 0 277 0
190 0 676 0
645 0 880 0
25 0 875 0
20 0 424 0
762 0 245 0
736 0 905 0
306 0 731 0
900 0 214 0
792 0 193 0
106 0 188 0
674 0 162 0
157 0 582 0
551 0 361 0
929 0 330 0
238 0 919 0
299 0 724 0
637 0 104 0
273 0 606 0
672 0 68 0
667 0 580 0
554 0 42 0
467 0 380 0
549 0 16 0
354 0 866 0
436 0 349 0
241 0 748 0
743 0 384 0
804 0 266 0
153 0 665 0
655 0 465 0
542 0 352 0
311 0 910 0
823 0 715 0
116 0 198 0
111 0 90 0
771 0 259 0
684 0 85 0
679 0 571 0
367 1
33 0
94
23 0 2 0
335 0 232 0
314 0 222 0
288 0 114 0
196 0 88 0
83 0 78 0
57 0 139 0
52 0 47 0
26 0 0 0
338 0 225 0
220 0 302 0
189 0 168 0
163 0 76 0
158 0 71 0
50 0 45 0
24 0 362 0
336 0 239 0
305 0 213 0
126 0 295 0
192 0 105 0
274 0 95 0
161 0 74 0
151 0 48 0
38 0 355 0
12 0 350 0
329 0 242 0
216 0 211 0
124 0 206 0
119 0 272 0
98 0 267 0
180 0 93 0
262 0 149 0
62 0 41 0
36 0 348 0
343 0 240 0
322 0 235 0
317 0 230 0
296 0 122 0
204 0 117 0
286 0 199 0
96 0 265 0
91 0 147 0
29 0 8 0
346 0 320 0
233 0 310 0
223 0 115 0
176 0 258 0
171 0 27 0
365 0 344 0
252 0 334 0
247 0 313 0
221 0 200 0
113 0 195 0
103 0 256 0
169 0 159 0
56 0 51 0
133 0 46 0
363 0 20 0
358 0 250 0
332 0 245 0
327 0 306 0
301 0 106 0
188 0 101 0
270 0 80 0
162 0 136 0
49 0 44 0
361 0 356 0
13 0 248 0
243 0 325 0
238 0 299 0
212 0 207 0
186 0 99 0
268 0 94 0
263 0 160 0
73 0 155 0
129 0 42 0
354 0 11 0
6 0 328 0
297 0 210 0
123 0 292 0
205 0 287 0
97 0 266 0
92 0 261 0
87 0 153 0
148 0 143 0
40 0 30 0
352 0 4 0
342 0 321 0
316 0 229 0
311 0 208 0
203 0 116 0
111 0 177 0
90 0 85 0
64 0 146 0
466 1
141 0
89
458 0 371 0
28 0 366 0
432 0 427 0
340 0 232 0
401 0 396 0
391 0 114 0
196 0 109 0
88 0 257 0
170 0 83 0
165 0 364 0
446 0 251 0
333 0 415 0
225 0 281 0
107 0 271 0
76 0 158 0
71 0 50 0
45 0 24 0
357 0 244 0
413 0 305 0
218 0 387 0
269 0 161 0
43 0 463 0
7 0 242 0
411 0 216 0
298 0 211 0
124 0 206 0
119 0 267 0
93 0 149 0
62 0 36 0
31 0 348 0
322 0 404 0
209 0 122 0
291 0 204 0
286 0 199 0
178 0 260 0
173 0 86 0
147 0 60 0
55 0 464 0
367 0 346 0
341 0 423 0
315 0 202 0
279 0 171 0
84 0 140 0
32 0 27 0
344 0 426 0
339 0 252 0
334 0 400 0
313 0 226 0
303 0 200 0
282 0 190 0
256 0 82 0
159 0 56 0
138 0 25 0
363 0 358 0
15 0 424 0
337 0 250 0
419 0 327 0
393 0 306 0
301 0 214 0
193 0 275 0
188 0 101 0
162 0 75 0
157 0 131 0
44 0 382 0
448 0 13 0
248 0 417 0
325 0 304 0
212 0 125 0
207 0 104 0
273 0 186 0
268 0 263 0
160 0 129 0
42 0 375 0
354 0 349 0
328 0 323 0
236 0 297 0
123 0 205 0
118 0 287 0
184 0 92 0
261 0 153 0
66 0 61 0
30 0 455 0
347 0 4 0
342 0 321 0
316 0 229 0
208 0 290 0
285 0 172 0
167 0 64 0
146 0 59 0
946 1
54 0
91
376 0 883 0
453 0 345 0
944 0 514 0
2 0 401 0
826 0 396 0
626 0 283 0
621 0 790 0
503 0 144 0
477 0 369 0
881 0 871 0
251 0 845 0
415 0 220 0
814 0 624 0
281 0 788 0
276 0 189 0
675 0 76 0
588 0 583 0
649 0 132 0
418 0 904 0
305 0 899 0
300 0 607 0
74 0 151 0
560 0 468 0
867 0 350 0
928 0 329 0
923 0 836 0
831 0 385 0
124 0 636 0
119 0 631 0
185 0 492 0
574 0 128 0
553 0 886 0
374 0 860 0
517 0 343 0
855 0 921 0
834 0 317 0
399 0 209 0
122 0 798 0
265 0 690 0
178 0 685 0
664 0 577 0
659 0 60 0
34 0 459 0
372 0 367 0
520 0 945 0
858 0 423 0
428 0 341 0
766 0 935 0
745 0 402 0
397 0 709 0
622 0 688 0
596 0 488 0
53 0 534 0
851 0 764 0
907 0 902 0
702 0 77 0
671 0 558 0
450 0 20 0
870 0 527 0
849 0 762 0
419 0 327 0
224 0 306 0
388 0 813 0
705 0 188 0
183 0 582 0
469 0 382 0
443 0 525 0
438 0 929 0
243 0 304 0
724 0 212 0
806 0 186 0
99 0 611 0
693 0 672 0
585 0 150 0
63 0 575 0
528 0 523 0
436 0 861 0
431 0 840 0
830 0 722 0
123 0 118 0
97 0 174 0
148 0 61 0
486 0 143 0
552 0 460 0
854 0 833 0
828 0 720 0
633 0 715 0
628 0 797 0
111 0 684 0
510 0 146 0
658 0 59 0
678 1
484 0
93
566 0 28 0
535 0 2 0
427 0 422 0
314 0 309 0
391 0 288 0
114 0 283 0
88 0 677 0
508 0 165 0
78 0 503 0
477 0 646 0
47 0 538 0
451 0 21 0
533 0 446 0
251 0 415 0
312 0 389 0
107 0 614 0
102 0 271 0
501 0 71 0
583 0 50 0
45 0 19 0
213 0 269 0
156 0 161 0
586 0 499 0
668 0 494 0
48 0 473 0
130 0 43 0
529 0 350 0
329 0 237 0
406 0 272 0
98 0 267 0
180 0 93 0
175 0 584 0
579 0 154 0
67 0 661 0
640 0 548 0
353 0 517 0
343 0 409 0
629 0 286 0
96 0 598 0
511 0 152 0
572 0 485 0
464 0 377 0
546 0 8 0
433 0 254 0
315 0 115 0
197 0 622 0
279 0 171 0
166 0 488 0
58 0 652 0
457 0 534 0
344 0 247 0
400 0 313 0
303 0 113 0
625 0 108 0
620 0 256 0
676 0 671 0
568 0 481 0
51 0 563 0
476 0 645 0
46 0 25 0
445 0 358 0
250 0 332 0
301 0 214 0
280 0 618 0
275 0 188 0
183 0 80 0
162 0 587 0
75 0 136 0
131 0 474 0
643 0 382 0
448 0 356 0
248 0 243 0
325 0 238 0
217 0 386 0
616 0 186 0
268 0 263 0
155 0 493 0
554 0 380 0
528 0 11 0
241 0 410 0
236 0 384 0
118 0 630 0
179 0 174 0
665 0 66 0
573 0 61 0
552 0 40 0
465 0 30 0
347 0 429 0
342 0 208 0
623 0 264 0
177 0 597 0
64 0 489 0
658 0 59 0
580 1
479 0
60
376 0 33 0
371 0 28 0
432 0 314 0
114 0 88 0
83 0 165 0
564 0 477 0
425 0 420 0
333 0 307 0
76 0 501 0
475 0 536 0
24 0 449 0
19 0 249 0
326 0 387 0
504 0 74 0
560 0 381 0
17 0 12 0
7 0 519 0
329 0 237 0
211 0 98 0
267 0 492 0
379 0 36 0
374 0 348 0
343 0 235 0
286 0 96 0
152 0 490 0
372 0 346 0
3 0 515 0
428 0 341 0
223 0 202 0
84 0 79 0
488 0 570 0
140 0 478 0
32 0 457 0
365 0 22 0
247 0 308 0
200 0 113 0
282 0 277 0
51 0 563 0
133 0 445 0
332 0 301 0
127 0 280 0
505 0 75 0
500 0 136 0
49 0 556 0
448 0 361 0
525 0 417 0
407 0 217 0
299 0 294 0
207 0 104 0
181 0 73 0
493 0 575 0
37 0 549 0
375 0 436 0
518 0 236 0
318 0 266 0
92 0 465 0
373 0 542 0
455 0 347 0
316 0 121 0
264 0 90 0
881 1
484 0
60
141 0 371 0
28 0 857 0
514 0 427 0
340 0 765 0
314 0 278 0
78 0 477 0
559 0 456 0
338 0 845 0
758 0 276 0
788 0 675 0
670 0 137 0
644 0 249 0
413 0 213 0
725 0 274 0
182 0 494 0
350 0 7 0
754 0 242 0
831 0 610 0
175 0 487 0
548 0 41 0
466 0 379 0
36 0 543 0
5 0 235 0
721 0 209 0
122 0 96 0
265 0 178 0
511 0 60 0
546 0 346 0
423 0 822 0
801 0 84 0
596 0 79 0
483 0 53 0
370 0 856 0
851 0 247 0
820 0 303 0
113 0 620 0
615 0 256 0
681 0 676 0
159 0 56 0
51 0 471 0
363 0 419 0
414 0 613 0
162 0 587 0
669 0 873 0
330 0 243 0
325 0 386 0
212 0 207 0
181 0 155 0
580 0 37 0
441 0 861 0
236 0 405 0
830 0 231 0
743 0 609 0
686 0 87 0
61 0 4 0
746 0 229 0
208 0 203 0
797 0 198 0
264 0 259 0
85 0 576 0
