5
9 1
38 44 20 26 85 66 53 59 21 15 54 48 42 17 79 88 42 10 66 78 81 31 1 54 87 95
88 88 40 91 70 36 47 42 56 16 9 58 23 67 37 9 68 81 19 1 21 45 75 40 72 43
46 37 31 46 82 47 58 78 72 35 95 84 6 66 73 19 23 73 22 47 13 80 54 72 84 76
15 26 71 85 83 25 24 33 95 22 92 52 83 58 82 68 32 82 93 82 28 94 32 40 8 1
21 69 45 39 10 73 19 17 18 97 27 42 54 66 98 86 10 16 12 6 91 59 32 27 84 30
72 77 15 75 12 79 42 86 1 35 40 88 7 88 35 90 14 66 50 27 76 43 87 79 47 43
63 86 44 26 25 25 12 34 66 54 67 58 45 27 23 53 45 48 2 20 33 92 76 42 60 23
65 94 9 35 66 23 80 38 60 90 36 29 41 64 27 59 62 47 41 26 50 38 25 67 30 52
57 36 22 17 92 98 20 61 51 17 3 58 94 75 45 66 52 56 67 76 19 10 12 37 56 80
37 74 52 69 2 24 24 82 97 40 24 18 10 14 46 43 6 21 51 34 76 49 48 55 58 77
74 64 55 68 9 23 93 15 97 98 99 66 61 48 3 49 51 6 67 6 57 9 46 24 36 74
29 83 88 91 43 57 53 16 1 96 52 41 41 61 47 99 74 42 41 7 87 53 98 47 59 84
97 27 71 16 18 61 12 86 64 32 22 89 85 4 66 70 99 25 73 77 70 38 79 37 11 47
48 22 51 45 7 79 19 78 34 54 36 10 26 28 56 8 48 24 25 16 48 18 92 1 94 2
67 69 28 43 59 88 49 22 33 47 83 38 9 24 100 48 34 27 52 9 20 55 18 26 82 10
81 47 27 68 47 18 38 34 41 42 22 56 51 28 86 30 8 30 57 34 40 28 23 53 37 79
100 57 30 86 86 62 49 92 80 39 79 26 14 48 5 59 64 79 20 17 24 40 13 42 31 25
41 65 94 92 55 97 62 72 24 26 13 18 37 34 56 34 54 68 63 30 66 58 64 19 13 95
17 1 47 62 57 34 28 2 66 86 64 25 14 47 47 47 79 83 62 91 67 63 23 64 18 97
63 1 45 53 85 92 56 70 47 2 61 6 27 2 94 28 95 69 58 76 58 35 44 6 94 99
29 14 41 78 63 23 1 21 45 6 4 58 100 22 93 49 90 68 83 13 11 92 11 88 84 51
63 64 77 74 21 69 65 14 22 16 53 55 18 67 68 89 16 25 10 12 79 32 96 68 91 63
14 29 25 87 51 72 10 43 81 69 67 48 68 13 81 1 93 100 37 39 97 23 72 40 9 7
90 65 68 32 22 35 89 4 6 25 58 18 5 6 96 26 41 65 93 63 25 81 28 33 80 44
29 68 12 93 94 20 48 14 91 84 3 72 23 49 28 95 49 23 88 2 37 69 47 41 16 55
65 99 25 21 39 41 99 51 96 86 70 34 9 80 12 22 52 52 20 62 64 75 1 1 29 44
225238298
9 1
35 31 61 43 58 18 20 16 63 97 10 37 67 41 63 79 54 89 99 97 69 20 5 63 74 18
78 91 61 95 55 14 42 50 87 67 31 47 3 11 53 27 77 57 68 82 71 34 51 84 38 27
20 32 95 74 76 75 24 96 62 26 31 51 63 39 29 64 58 12 32 2 43 72 37 85 81 15
50 35 18 29 25 74 88 17 59 61 60 49 2 29 90 67 65 27 47 3 90 64 89 15 97 90
98 36 21 54 9 93 49 96 13 94 50 48 57 63 59 55 61 92 39 16 96 47 89 24 9 64
65 95 60 5 76 39 88 68 49 39 19 61 100 50 15 32 39 77 51 48 31 92 46 70 100 83
91 30 89 9 58 17 56 20 79 8 14 7 66 93 96 60 20 11 54 65 77 51 90 67 99 34
34 69 19 96 45 55 57 2 79 55 36 14 67 77 96 46 82 95 99 64 35 46 91 75 26 41
40 26 37 99 94 65 5 94 75 77 100 11 57 76 56 4 62 30 26 21 49 91 85 57 56 66
84 97 77 61 52 95 86 70 82 69 51 93 17 55 9 62 45 80 56 53 76 97 29 85 4 17
41 96 27 55 27 69 89 4 7 31 33 54 75 5 80 48 31 1 85 78 21 13 49 81 69 9
51 45 25 92 34 53 40 72 20 39 73 81 44 84 72 30 69 46 72 61 3 43 54 68 25 91
56 25 86 97 65 7 64 5 45 72 21 57 78 66 78 97 11 85 19 14 89 67 83 24 93 35
100 69 29 68 62 38 65 20 34 96 45 51 59 24 100 93 85 45 88 45 12 11 18 28 7 78
2 31 61 93 57 42 4 5 83 53 13 75 42 52 16 44 60 78 39 77 20 59 67 99 39 20
79 65 79 33 14 80 46 79 66 67 1 99 56 9 66 76 23 75 4 79 53 54 91 18 5 33
31 40 46 54 25 75 90 89 45 72 8 24 20 92 25 3 52 61 43 39 46 12 29 65 11 95
62 44 84 8 37 96 61 67 73 98 49 41 65 38 12 48 86 8 96 73 60 48 16 73 26 9
68 6 100 7 82 54 37 50 74 48 65 31 33 92 49 37 21 42 62 45 11 17 81 59 98 80
94 63 99 52 39 68 35 11 70 93 3 85 37 36 94 71 30 19 67 65 5 74 32 100 28 92
85 10 39 70 87 2 15 29 41 18 15 43 26 90 38 84 9 24 35 87 57 49 5 39 32 40
40 10 54 74 68 57 63 28 50 68 78 81 95 8 85 17 64 57 60 78 44 21 65 88 96 52
29 26 43 87 18 51 14 69 17 88 59 83 95 88 48 5 82 40 1 89 50 54 80 70 41 35
21 99 10 95 84 3 13 52 60 69 88 18 51 24 93 25 23 40 71 82 34 44 40 79 81 47
46 61 1 30 77 33 75 33 100 18 36 71 66 56 46 68 98 88 97 45 62 67 49 37 8 57
20 14 38 20 16 9 71 71 36 76 37 23 56 79 53 2 48 23 49 46 62 79 44 4 78 89
724254278
10 1
1 49 84 42 33 42 94 15 33 92 92 25 40 44 48 87 36 52 85 5 76 1 86 97 94 32
17 66 32 83 12 30 39 98 73 47 27 95 42 53 56 1 34 64 68 85 28 67 92 99 48 12
55 73 59 23 60 19 86 21 62 51 100 34 41 75 59 88 40 70 90 15 52 64 91 84 15 30
62 91 90 15 80 96 50 34 32 14 47 56 91 28 79 83 4 51 22 15 34 12 10 35 72 2
3 72 61 78 65 87 38 86 67 11 13 2 92 40 89 64 65 69 87 22 93 3 12 97 4 55
51 18 47 68 78 12 63 78 29 11 98 85 32 40 27 85 25 22 8 92 57 56 28 35 11 88
100 31 49 55 77 21 43 91 73 2 49 5 43 65 81 8 100 48 35 53 52 100 94 39 21 56
79 76 55 79 39 13 18 13 42 11 80 97 87 82 28 10 82 58 9 55 55 81 73 62 74 48
96 73 59 95 13 79 35 35 43 71 73 79 20 34 69 55 87 48 78 55 30 86 72 4 7 60
89 47 50 34 81 39 70 55 63 92 73 11 64 95 90 36 97 93 19 69 12 62 84 51 23 75
95 24 79 64 94 82 59 55 42 96 73 36 50 9 77 5 81 74 32 84 17 2 22 3 42 3
26 81 58 25 19 11 95 72 21 19 41 69 46 26 92 89 60 30 52 7 93 56 4 26 64 78
13 14 61 30 73 75 42 24 40 70 51 38 98 63 64 7 3 6 67 52 70 48 90 29 94 23
62 6 63 71 13 42 59 53 49 46 41 20 27 22 9 17 79 66 24 40 35 28 14 11 21 79
73 49 36 66 98 62 86 95 82 84 88 55 85 64 31 79 1 65 60 4 42 27 78 78 84 39
82 95 50 99 97 74 1 51 87 6 45 5 87 72 37 32 80 23 92 80 50 38 81 52 54 95
3 67 82 21 6 21 29 20 91 23 50 73 19 12 33 13 11 71 76 85 5 77 22 33 86 10
35 54 88 65 46 7 42 58 29 92 51 70 96 70 7 68 100 9 55 57 68 30 35 23 38 39
10 53 99 5 75 82 35 13 40 66 100 36 45 36 34 23 17 98 83 51 79 1 39 94 7 74
53 87 73 57 80 15 40 31 3 54 92 84 31 14 79 87 81 74 28 26 77 53 9 76 97 64
27 44 3 77 16 49 62 55 26 46 68 51 36 91 5 88 8 4 69 92 56 73 41 67 15 100
35 89 62 98 95 83 9 80 98 95 29 14 46 36 39 100 88 49 69 72 97 93 41 18 81 92
76 51 62 41 40 76 82 74 39 7 45 47 6 65 48 24 33 13 30 26 30 18 22 61 34 90
42 80 21 4 7 18 64 71 65 50 66 64 7 94 36 47 18 62 22 84 82 24 90 87 93 87
14 97 20 41 95 37 66 59 13 88 32 59 36 47 70 36 18 22 88 37 44 16 37 65 45 35
79 39 36 80 8 79 66 81 95 77 53 10 73 90 21 40 49 37 98 82 53 18 34 32 20 86
5382298842
5 1
48 70 50 82 78 31 26 87 95 43 69 35 23 30 58 27 80 53 96 23 26 8 91 94 51 17
32 1 82 92 76 55 37 62 61 27 66 43 94 13 70 82 16 98 55 31 66 2 97 44 16 81
70 81 95 35 58 38 6 46 53 47 10 94 82 15 35 66 52 99 67 54 57 8 92 61 95 11
65 100 44 65 44 44 42 77 32 74 33 30 32 92 93 63 80 34 99 94 59 88 13 85 40 35
47 85 3 31 51 30 22 33 34 55 57 39 17 4 36 35 57 79 73 49 60 33 53 9 78 85
87 58 72 2 23 66 10 68 5 3 32 60 47 50 39 34 30 7 85 69 40 99 46 56 87 78
83 71 1 28 42 73 42 36 53 2 73 88 71 67 48 79 97 57 77 95 95 6 51 42 57 19
83 83 50 39 22 98 31 3 55 1 72 51 91 93 76 45 63 30 15 21 5 92 25 19 31 69
16 86 32 34 8 33 52 37 55 98 73 63 50 51 18 70 49 1 88 52 50 18 13 65 91 35
73 70 38 45 18 42 75 1 29 21 15 12 100 23 55 17 78 33 100 93 95 45 60 70 64 9
93 56 29 23 46 10 80 99 30 48 49 73 61 55 16 79 43 16 80 100 95 47 64 64 68 21
49 45 94 59 25 68 5 82 77 77 76 11 6 34 62 10 48 4 39 8 43 67 19 59 62 9
81 81 4 77 14 47 77 24 86 68 52 27 45 48 22 22 100 62 10 27 32 47 54 76 73 47
45 95 1 1 29 64 62 35 41 65 93 49 24 11 84 64 8 76 32 54 52 95 53 22 81 53
74 46 64 64 85 14 99 44 91 21 99 17 64 89 48 12 88 81 68 1 44 50 8 67 79 38
90 29 56 100 15 94 7 88 25 43 36 15 89 41 68 72 24 96 16 11 48 80 95 61 1 63
15 71 94 11 33 11 1 42 90 35 90 21 5 55 80 94 90 49 22 20 14 67 42 54 44 30
97 36 47 75 20 22 17 49 88 21 83 16 5 10 62 60 33 10 67 14 6 1 83 66 19 82
97 54 43 67 5 96 44 53 71 36 39 40 22 55 44 84 84 67 67 90 99 8 95 18 8 48
16 92 87 19 23 69 51 39 2 78 14 65 40 39 52 29 78 12 18 18 24 33 60 54 19 20
88 11 92 15 57 94 14 34 41 50 43 18 64 81 94 48 64 21 52 12 83 83 41 78 92 45
59 56 88 67 57 14 9 47 68 96 59 48 63 79 100 56 77 71 91 79 30 97 29 7 57 13
56 91 53 72 77 97 65 16 11 27 34 73 85 84 57 28 7 30 2 42 97 8 15 77 32 70
12 48 34 74 57 68 26 30 2 9 56 95 38 38 20 83 28 15 39 98 23 84 13 53 37 7
95 58 89 3 61 4 28 40 35 40 55 45 20 17 74 36 68 11 59 58 39 9 1 28 90 95
97 65 88 14 43 30 62 30 85 90 41 43 99 25 23 36 39 19 38 5 29 7 73 40 83 60
23662
5 1
87 18 85 85 73 80 64 63 64 43 68 57 1 6 75 96 35 41 83 72 98 38 88 19 34 57
13 58 69 38 70 83 51 2 38 3 47 41 12 100 15 92 53 4 44 74 60 3 32 42 8 14
76 39 39 100 22 35 75 81 82 31 28 30 48 38 21 51 26 19 93 18 83 10 15 63 58 61
74 74 12 43 55 39 33 82 36 59 28 48 58 92 18 20 28 24 34 44 82 58 29 32 69 95
97 61 5 8 19 46 29 9 29 42 91 32 72 66 37 93 66 43 26 28 91 74 9 24 14 8
72 15 13 5 58 71 20 26 20 55 72 40 41 88 73 26 8 92 10 31 82 30 86 47 78 70
15 66 50 86 22 37 76 94 22 69 16 62 30 50 77 14 2 100 96 25 52 28 59 53 50 1
72 37 62 64 18 89 60 86 22 17 45 95 44 33 73 10 24 79 45 45 78 4 28 10 97 84
73 16 47 21 61 22 60 45 14 13 24 55 47 52 45 16 36 98 46 40 52 1 57 27 48 76
97 9 18 64 70 90 52 30 78 72 37 47 42 38 98 39 47 25 46 14 93 4 93 4 37 28
65 25 19 51 64 40 3 52 37 93 25 48 31 8 6 54 63 63 11 73 91 49 62 72 87 6
20 94 95 94 35 12 84 16 63 56 77 30 27 21 70 6 24 15 58 48 39 46 64 38 54 56
57 94 42 51 8 34 24 39 90 74 44 89 8 10 74 26 89 50 73 94 56 5 16 9 82 59
96 49 63 38 42 96 93 33 38 95 97 59 74 64 19 17 26 28 84 82 3 15 39 98 50 12
95 89 94 5 53 93 45 5 11 31 19 72 9 38 69 38 40 63 4 51 60 83 14 57 64 7
9 82 88 20 61 51 84 82 73 53 71 35 58 52 13 19 28 18 88 10 95 26 44 99 59 18
47 51 15 18 39 50 34 74 51 75 73 8 19 13 4 37 99 14 82 55 34 75 37 61 15 22
72 5 23 13 50 97 40 93 18 45 3 49 80 9 33 25 82 61 64 83 31 44 36 92 83 70
9 87 20 47 37 3 42 25 67 98 94 56 1 46 58 14 13 49 98 14 34 7 17 8 53 37
71 28 68 19 86 57 3 79 55 44 99 18 26 31 86 5 15 52 76 86 16 39 93 62 43 63
100 64 78 64 22 23 31 24 63 28 26 15 60 74 62 74 74 41 94 10 46 31 93 35 65 31
71 24 90 18 32 84 20 28 69 11 40 42 12 18 86 14 84 68 32 89 100 37 99 20 72 86
76 13 58 27 44 50 28 75 28 25 47 81 14 94 31 59 30 19 47 13 79 75 77 15 70 96
64 20 72 64 73 23 9 94 41 56 19 37 88 2 76 55 27 38 49 97 70 1 31 60 14 35
30 63 32 14 99 21 91 77 62 3 45 61 3 47 4 30 80 58 25 6 3 32 99 97 72 63
56 9 60 57 68 68 63 84 54 13 73 50 26 16 93 95 21 20 54 94 11 5 65 90 10 7
55743
