5
89
100 450 650 700 900 750 950 350 250 650 550 500 400 350 500 900 100 900 1000 1000 350 200 850 650 750 300 1000 150 300 500 250 1000 1000 600 200 350 1000 100 600 900 550 950 850 900 950 850 500 250 350 250 450 950 750 850 800 250 500 750 950 850 550 650 150 900 400 900 600 450 600 250 400 450 450 350 300 850 550 350 200 200 400 1000 950 300 650 300 700 550 350
59
252 168 168 756 672 840 420 588 672 252 252 504 504 252 168 588 168 336 252 504 588 168 924 252 420 504 588 672 840 336 420 924 840 588 168 420 672 252 336 420 420 588 504 924 168 504 504 420 336 924 588 252 840 168 756 672 252 588 588
83
295 649 118 295 649 472 708 708 354 295 708 118 472 177 177 767 236 944 531 472 590 649 295 590 767 649 885 826 708 354 649 885 354 472 885 413 354 472 413 472 472 708 649 177 472 590 826 590 590 826 177 531 472 531 472 472 767 590 177 118 826 472 885 413 944 708 944 413 472 236 885 118 826 708 531 826 413 944 295 708 885 413 413
63
880 264 528 352 616 704 616 704 616 704 968 352 880 880 528 264 704 968 616 880 880 264 176 440 440 792 264 176 704 528 440 264 264 704 968 880 792 264 528 440 616 704 792 880 176 704 440 352 264 616 528 264 616 264 440 176 176 176 264 792 440 616 528
69
944 767 413 118 531 354 354 826 590 767 708 826 590 531 177 177 708 944 413 590 531 885 295 118 649 354 590 177 236 708 295 118 354 885 649 295 236 767 767 885 531 236 531 826 236 885 885 708 177 826 944 236 118 354 472 531 767 767 767 590 708 944 236 944 236 531 413 826 118
