15
851 5
434 4 577 503 586 849 751 422 137 619 526 52 27 494 512 129 277 381 621 267 961 34 205 148 166 441
137 332 635 429 761 571 706 316 136 195 859 871 513 436 30 90 270 357 947 255 407 977 419 926 345 290
387 456 139 904 587 187 273 6 344 240 924 940 649 287 902 873 706 463 68 378 141 383 428 58 165 867
639 730 877 340 830 329 812 162 669 633 287 553 124 530 904 567 644 484 466 385 289 334 13 190 774 696
869 287 90 858 150 731 440 398 75 386 513 690 612 766 891 295 209 24 782 343 380 650 191 529 101 730
486 374 17 563 142 594 813 90 929 39 669 581 564 277 702 786 271 105 130 750 20 138 349 39 805 909
440 855 378 862 368 854 382 386 274 121 340 926 771 329 305 893 592 209 824 204 37 819 466 231 138 320
755 534 740 360 93 112 786 801 29 283 698 318 867 998 728 908 302 271 281 107 69 48 296 683 294 683
120 853 553 144 124 655 492 697 446 255 124 504 717 108 93 441 7 692 854 660 682 806 747 253 573 829
485 721 969 668 698 957 494 931 878 74 196 468 283 876 351 592 313 509 955 454 642 296 987 43 957 823
415 197 994 504 111 877 115 696 565 516 564 655 488 660 468 316 560 991 146 921 619 5 464 654 489 806
988 787 706 721 512 830 701 451 560 948 859 338 909 91 168 391 784 464 884 782 817 281 402 982 59 128
572 594 553 32 413 440 800 269 676 777 296 540 346 909 712 277 105 725 453 997 515 8 304 650 400 925
276 484 291 636 698 220 16 395 616 932 249 162 358 562 706 154 359 598 959 137 589 338 683 297 634 425
11 399 581 872 914 63 81 870 331 363 14 903 129 221 308 682 985 883 870 152 324 939 603 509 301 342
556 136 459 996 394 787 42 243 106 13 600 139 5 667 415 491 126 719 767 783 825 120 508 836 819 931
609 545 983 778 868 441 48 968 47 503 467 931 420 44 507 664 59 773 310 137 714 772 108 201 654 455
605 761 800 278 821 259 655 696 113 308 571 662 916 803 319 933 365 177 466 596 355 247 971 968 489 466
418 315 324 310 278 205 420 865 420 657 962 643 393 348 973 779 748 526 573 39 145 244 916 696 605 791
556 66 70 388 880 455 94 667 750 278 599 614 953 683 95 935 877 380 355 447 704 611 506 374 983 563
173 687 716 147 362 87 240 342 106 687 588 537 480 834 111 296 145 441 913 460 84 342 72 330 926 104
676 339 388 484 442 783 228 992 728 768 465 466 860 657 885 994 101 993 205 140 995 882 518 231 152 451
20 562 562 124 317 687 541 741 927 380 974 479 810 610 333 309 956 127 516 877 15 567 245 475 562 173
222 101 247 970 713 362 62 616 28 700 722 367 911 509 299 548 908 868 569 143 178 827 490 277 977 50
16 90 748 731 987 403 867 975 31 968 919 872 765 165 78 103 845 728 145 474 681 619 177 623 592 188
92 21 983 951 43 682 42 88 298 678 688 611 413 648 756 83 434 100 930 277 683 593 130 560 214 629
73235634856826277593355657494785738327586546937767389525433887968945727973948844647755727975777478356478845659369363574677786838658342467996283788674277872895254376927877878254549466829959679339785885659477574789699436269944458767653729327378867665453593764797575365658828868692942948556322255364424444284442588695589362469589267773965224222735875653873754782888789563253873925445355284672686547884334762258222552538869795563538477694934662359447623653746997429639893332769358453846423946763352539865278223683622775633328559356539395675648943386636646845948323977665722272635677238958492222582733624328962529272964274365669432534626332644877335253724573826725749283838648996492854557965495295583557552899959672528723399599635874799988424342647782686578938427234587984968238552275278999782895662796275697689486328937358469482784456348524745687467285329
677 5
26 307 423 115 470 354 179 154 991 176 642 154 979 437 769 105 79 171 412 504 624 704 328 730 121 795
180 793 250 779 887 152 914 121 580 556 317 844 933 942 302 998 659 833 157 241 627 635 787 540 173 973
578 149 971 479 308 103 191 876 785 401 820 892 819 936 680 762 557 618 389 904 751 543 748 909 701 374
506 467 329 723 766 972 237 300 565 561 958 387 316 848 616 459 161 231 793 514 244 662 693 350 926 236
366 734 784 946 973 741 752 83 393 386 595 22 26 424 313 956 106 493 63 642 486 371 132 373 747 856
842 740 65 523 565 337 654 181 233 273 38 583 649 220 159 824 883 841 622 599 138 218 115 318 874 766
910 450 954 365 513 771 97 673 814 914 786 787 977 980 168 135 417 198 501 801 131 929 277 826 517 244
642 866 834 122 623 30 883 405 160 639 364 413 992 660 664 853 73 527 508 109 530 445 181 89 841 391
716 950 64 524 504 967 663 21 517 129 824 46 464 735 989 303 97 617 420 261 10 510 379 462 525 901
434 56 385 804 830 536 658 481 332 935 340 475 598 975 981 416 533 919 869 953 578 369 81 464 623 958
973 275 548 290 101 998 497 739 642 935 97 523 348 970 302 550 306 882 440 362 760 342 55 693 812 504
529 52 932 916 533 522 7 654 420 436 613 72 947 987 596 615 240 115 49 788 428 878 398 532 225 154
922 849 732 36 182 448 152 360 735 548 837 966 553 554 206 218 811 587 914 854 13 856 70 342 993 344
765 149 135 504 482 843 449 43 419 157 313 892 150 743 59 73 101 349 381 694 586 582 257 927 185 712
361 317 37 421 308 161 804 453 24 868 84 902 94 15 915 813 581 398 279 858 463 708 95 63 73 519
360 340 643 415 289 747 679 777 905 832 515 578 581 554 923 43 823 61 301 689 101 379 969 955 760 287
807 564 1 883 813 173 135 259 689 983 875 144 537 345 890 109 665 747 792 948 760 912 304 306 935 631
827 871 604 347 329 233 605 570 605 345 813 64 483 112 314 968 166 532 149 381 373 193 783 951 285 806
604 624 648 437 246 257 85 722 954 649 589 343 600 349 434 154 868 825 123 81 463 123 657 368 964 136
780 322 981 788 24 47 780 945 847 795 921 36 309 304 43 95 763 662 922 865 933 728 800 235 204 705
890 587 467 624 973 204 117 804 59 157 523 822 145 932 591 514 186 185 232 309 411 662 701 154 423 296
792 712 829 18 622 194 367 751 622 734 883 976 631 543 751 781 406 84 960 313 535 353 430 903 907 319
635 331 752 783 802 117 720 986 944 50 539 619 438 186 54 219 729 251 791 512 700 814 123 970 482 622
269 20 911 975 357 542 822 500 620 282 900 658 339 533 680 511 336 544 626 129 205 85 649 32 115 596
886 30 965 539 703 312 79 110 884 590 902 180 192 578 182 295 114 577 89 42 799 543 677 551 41 862
440 557 958 740 684 14 248 994 838 376 199 328 442 672 549 555 927 563 290 355 324 292 138 195 371 226
88865775993736627932837953297666484866768546397693743685748587743266866429926743984493498924436558337444423632888278297796754258762888939233555648738733348394398554963874283669969855627833935772859657226978377326457383363566423699264692543339623247554398535389394887323887662962267325739799769992255882597534355724589359433862555438923839446246585666545376398377425226935998767648826227593632659582483349576664386598537777995395639798642445224322893495255488939485774249977455956746664837473755463253699575543396833685892466988632384725475625937444998565499232567226633722555895388648833754834589223662269492569694654747922677286769799397369343576442247728587678735683487496478
918 9
323 226 496 233 924 780 492 163 485 694 492 104 324 621 381 18 508 876 623 64 498 881 588 567 581 491
84 250 837 244 937 950 579 901 262 969 330 131 156 117 257 816 32 203 60 455 468 759 456 231 362 454
599 483 712 484 910 627 831 619 136 989 299 862 566 765 389 37 768 812 619 562 744 279 844 640 581 813
218 375 111 414 591 86 528 632 843 732 435 755 675 473 881 642 751 737 987 513 238 562 465 257 955 501
492 583 740 742 239 810 452 592 777 666 306 888 717 30 698 122 285 482 426 650 387 695 61 878 784 944
856 854 599 814 25 891 549 792 652 179 808 250 62 259 794 655 214 394 858 158 627 733 837 778 422 660
796 244 258 414 524 616 629 353 114 703 133 604 703 561 892 989 411 123 136 724 603 911 302 305 736 563
40 257 312 177 170 132 975 824 293 922 931 888 103 576 623 982 759 750 140 143 746 593 184 520 915 972
730 205 866 707 839 118 940 459 881 49 964 387 1000 387 668 277 940 20 678 477 481 636 96 331 972 899
862 913 726 449 266 181 735 741 728 500 288 567 630 645 857 186 374 68 595 341 461 490 414 81 514 926
701 77 351 58 321 245 565 460 701 434 403 510 946 198 13 799 164 257 156 282 512 238 398 91 265 873
471 166 771 610 973 143 648 4 318 572 872 375 385 932 606 85 10 319 863 565 483 401 403 76 684 505
660 418 723 942 965 461 658 459 952 481 78 695 695 399 925 399 639 246 83 283 648 100 669 667 742 536
779 636 48 494 824 191 428 922 742 15 910 747 88 632 501 757 607 23 153 137 674 165 569 416 816 332
845 310 398 378 546 322 127 537 429 307 27 148 528 205 435 821 272 680 645 90 693 699 574 629 211 281
218 393 278 906 715 589 907 415 148 480 671 166 346 980 75 993 126 738 377 741 259 505 129 558 446 229
725 491 495 423 853 340 9 752 286 763 233 974 340 915 56 728 476 783 243 668 409 428 921 157 459 797
541 778 206 268 966 450 741 432 728 646 670 764 603 915 359 126 132 868 629 964 651 171 389 913 452 608
434 740 632 778 153 582 280 521 911 438 587 518 280 110 470 340 543 614 760 934 338 98 523 978 447 616
586 315 280 990 517 473 552 502 79 721 125 979 144 656 543 468 378 914 291 87 935 277 266 216 515 325
594 54 814 749 554 109 292 998 900 45 82 84 76 641 918 554 911 474 75 791 704 717 804 563 782 287
954 794 524 326 747 548 518 121 73 125 581 765 935 257 107 996 355 473 494 250 642 414 912 711 170 500
418 889 409 669 222 473 364 627 871 491 921 525 174 733 269 448 208 315 952 847 74 889 952 815 516 538
498 972 653 889 738 845 312 64 201 613 888 20 456 180 564 595 383 253 739 75 63 980 957 443 400 696
754 170 846 854 684 392 180 578 732 984 885 676 677 952 42 494 800 26 35 13 602 481 13 664 398 665
455 924 991 369 555 105 567 485 940 467 383 612 227 13 796 779 792 684 733 205 559 195 28 34 890 500
283968878942285372232772669355248928575599295325467827274845254777947942735477376764357295437339794967622638779624994559724683337987327632572239333824359634474638328877537745946274438679887643563889838973393275694965836954726978897986872624996422646768766839484575453358642799564848883238533579576879443376286565595469566866797585589262483763862583544625364224833263258263497335757377449376267753577247996629633967533967232357296784329242423433677332893642585433322678364882234535882559456929283354325562299379776337593498654827757879933438752748246736657592684959494757733343424679493473967846584997484987885689466999982774783957876829826734683596846963295339994454948929265574454588938387495889922344368547343257926337426627867525868696327873588835375837739687936399832285233554688962826294589878283526552463973472935765254753839438766854322922892222443497323576479598584476237739389796775584444233739945856483874768
903 7
106 987 438 145 568 600 375 946 693 746 359 252 925 686 846 32 903 424 429 774 831 344 509 652 421 871
694 653 542 1 892 32 331 113 538 526 996 937 726 572 358 344 504 560 678 908 865 455 216 465 807 664
854 543 785 242 377 745 739 537 918 181 418 745 48 487 577 450 68 622 599 206 576 682 354 775 708 149
723 49 673 989 131 134 434 447 870 228 152 258 347 583 531 185 477 2 359 285 769 760 228 225 264 39
226 555 485 999 860 722 917 374 304 382 735 824 968 791 822 464 653 626 640 333 553 416 981 300 746 534
247 336 612 933 111 731 611 230 199 255 168 737 185 988 516 578 184 142 66 385 968 570 477 880 248 31
15 964 718 773 622 953 585 740 591 604 142 953 434 329 91 440 421 103 757 484 420 602 358 291 125 289
270 238 884 549 897 87 182 869 305 730 895 695 38 169 598 650 318 782 331 239 464 114 956 184 715 706
448 955 281 64 87 138 56 177 863 231 783 920 861 250 949 46 381 520 28 665 962 157 187 381 845 110
858 472 602 262 42 699 335 227 311 786 28 680 987 241 128 517 563 188 869 586 63 467 304 747 186 732
353 423 321 384 802 462 652 720 476 283 972 479 8 331 133 905 120 246 49 131 396 454 50 515 218 288
730 337 569 592 315 879 838 930 315 451 903 641 653 783 321 830 57 596 935 216 77 853 397 978 553 784
148 979 962 497 411 56 263 368 68 830 882 446 224 968 680 292 983 363 320 921 880 991 864 137 213 985
330 428 800 875 1000 578 631 806 144 566 889 165 805 692 309 375 962 690 649 1 33 164 324 120 704 718
192 278 444 304 599 629 841 900 825 688 439 863 658 414 445 477 948 504 883 155 16 649 981 223 25 747
64 952 48 356 482 361 800 265 375 955 680 769 601 211 615 89 447 766 19 283 558 206 150 433 299 130
904 525 364 321 597 713 358 909 891 642 171 257 219 810 927 206 795 42 884 935 789 84 199 544 313 416
264 63 19 637 897 997 630 940 403 703 878 2 563 535 492 856 210 61 881 792 587 482 842 493 320 645
290 523 22 820 794 827 790 641 896 439 534 922 249 869 829 879 306 257 792 123 880 80 71 998 120 886
196 737 573 723 780 225 56 385 435 232 384 622 428 12 189 697 279 353 931 91 616 713 196 969 317 370
143 688 17 929 697 394 369 446 901 811 816 137 567 643 123 771 905 572 328 677 412 785 248 183 918 715
383 522 322 274 161 90 447 99 151 320 69 591 685 856 155 400 602 328 475 45 790 380 689 518 983 121
261 746 923 748 664 201 525 540 890 371 116 590 980 357 134 34 286 100 910 695 145 220 372 998 264 157
262 374 766 523 960 136 415 447 563 528 772 983 303 376 611 54 631 629 702 462 868 5 58 2 885 55
605 762 240 88 815 883 780 870 958 778 516 474 833 742 361 491 395 551 210 246 520 206 488 832 840 840
301 470 166 38 986 438 607 162 830 389 326 858 564 698 343 965 313 738 587 711 133 561 55 312 656 587
692942726795358336385352572278277558522635397522884357965939282494867876689825633269768428492883397735287394366753985485732253824853799867259347478523667963629822329736953974982568554396457496534534444633257794357657987743732594839293562885465269283289369453832364875863698454862557353787359488678633937859333376978435778767242236347459322933867656897835937456895778499848642857836656429867454722394583724675836777265566449475964546574824827298529595752638435678662924523677996847948287292928698244685476549642877777865227747396525595522866373877572853463372832355674853562576425578797329776526488854229222927592579356789556372639525263983992637799683885455544534365222384529738788458632996575347458272922724269423397422948464749558898562237379373265796797823753547862736927554794262477339988936465328647676954337955478829686374986293965949283869869289632887855374298474489342983252263848752944886474649
953 5
40 307 489 565 46 435 589 300 185 948 462 592 465 372 417 727 998 175 30 808 100 324 402 5 688 465
533 4 506 699 194 124 522 514 740 417 390 512 825 910 234 198 552 374 816 301 80 412 530 713 889 735
685 977 816 314 298 125 732 986 516 774 888 321 931 867 880 222 108 87 973 759 91 865 730 383 336 382
229 660 93 657 821 668 373 997 104 494 74 658 94 10 306 661 357 252 42 448 870 321 601 391 872 533
267 734 985 34 408 894 404 88 481 591 758 566 507 959 354 7 875 418 291 503 447 732 692 943 386 733
859 846 884 253 369 633 853 432 340 468 427 572 749 588 915 845 760 325 785 23 99 714 230 664 857 851
282 910 495 20 713 39 469 873 838 292 398 494 921 410 335 148 490 409 326 758 105 70 708 791 839 984
803 861 425 632 918 936 770 211 318 895 377 487 372 332 837 503 958 126 815 857 387 839 515 646 216 97
326 562 673 479 908 156 18 283 232 996 473 376 561 499 142 784 909 77 665 526 425 438 966 121 640 405
226 728 965 543 738 482 464 596 760 678 390 836 295 400 166 270 847 977 909 847 845 906 263 316 595 760
13 511 984 870 552 248 672 377 343 187 758 842 172 987 381 919 216 790 632 413 653 930 843 822 587 794
632 134 45 782 911 293 35 750 683 895 940 910 649 663 913 731 492 203 740 167 656 78 620 514 161 789
829 600 901 843 909 952 611 940 923 206 886 105 666 487 623 982 162 487 788 754 123 300 19 892 185 670
297 54 895 470 956 434 545 60 678 80 91 671 993 61 409 600 907 817 43 862 258 642 488 101 346 881
477 84 936 958 782 907 474 818 716 685 235 221 131 58 930 937 900 582 4 98 396 600 312 998 765 947
861 975 712 931 164 837 294 506 122 904 7 613 165 225 293 121 312 28 496 799 744 960 450 905 447 15
9 966 26 550 11 9 126 673 376 429 305 258 993 934 797 440 343 810 552 144 286 771 796 451 865 501
561 305 43 522 659 367 70 5 194 475 892 26 55 957 74 833 532 556 889 822 319 333 375 368 909 685
97 199 96 652 125 373 367 600 936 988 141 203 110 454 346 159 201 87 451 188 101 966 458 605 133 481
341 10 459 162 803 129 740 99 550 205 895 254 761 662 447 201 773 993 45 212 125 755 636 229 300 994
530 531 220 197 703 884 718 653 794 634 168 626 901 9 394 501 973 131 485 578 145 677 655 698 449 515
29 424 193 481 581 18 449 596 237 764 46 916 99 808 9 314 115 549 1 831 600 191 462 458 450 65
293 643 798 707 447 530 774 987 658 195 10 789 188 572 190 338 605 201 297 806 846 821 152 778 308 528
711 880 982 104 528 479 855 139 837 740 114 364 930 90 822 718 679 251 809 9 199 220 687 681 68 656
738 111 757 655 180 643 659 526 525 553 594 14 966 37 507 484 168 489 828 582 947 186 502 624 586 337
997 139 438 260 940 959 661 58 10 293 323 47 656 900 256 478 837 906 434 927 488 535 731 115 862 166
25622673547446325625866593525799932526522338688799583529887448986876287827943663357686677635534546523237234375565623654696244924397528223426726456262264933725936579679569488364656384727578398575669883588953652495537963399626776932222336265395448884294662485895368569922847923326389223696227838896339652268458362958442453597495752856696929659295977922729273994974767877847386492459448885642854687992232645736389633693295727627394828544967362297356299794869844426675629888385867444443992365225983238747475537329954439975695569635456555668248578269429244277696555925529788873249542933454788546673229475743923256292794234297726268594343778262756275228586766926358427276844427753846629862925938493678547666545458428793662888777842475569339933935556365238966655989889699936653468623638823833826386552822968937782595497654434666362824669439248239374589245353795668899789394368669646255228772423946959242326773844852255476842237373976695855667962863883532465279
739 5
777 668 51 511 733 694 513 108 320 702 633 22 118 935 582 237 517 398 630 403 869 216 737 888 87 511
694 694 319 908 363 767 760 374 257 147 661 103 857 733 824 922 985 926 368 764 415 753 504 986 977 210
423 316 606 419 433 87 339 834 135 77 258 518 590 102 880 155 597 105 911 381 834 328 149 973 874 377
198 466 427 738 452 223 232 48 113 842 812 412 563 356 374 756 584 764 101 920 247 378 339 709 192 826
40 966 534 450 911 359 719 568 463 233 231 412 641 365 464 771 328 370 352 486 121 830 278 520 534 299
5 776 433 471 577 581 346 333 808 831 578 222 108 743 615 892 742 989 764 905 2 704 339 561 563 664
927 206 476 513 142 413 321 57 121 424 211 167 814 364 849 537 358 956 487 830 646 480 716 332 518 647
943 384 504 163 770 683 978 63 501 439 176 184 283 788 771 610 930 790 979 455 532 259 626 331 350 416
297 272 768 618 903 557 539 717 757 608 773 503 658 165 179 240 143 143 970 892 507 98 887 762 920 675
237 332 520 969 997 12 481 18 532 984 149 515 709 58 882 334 184 970 1 283 51 897 328 810 683 377
463 255 449 759 33 80 334 232 808 813 801 36 909 494 894 475 130 19 90 177 566 946 766 421 594 756
93 191 550 649 977 825 31 215 598 844 71 914 506 73 581 481 5 306 899 309 820 144 329 993 759 985
11 755 13 783 971 900 886 475 591 677 597 383 405 939 694 863 428 793 773 543 630 26 524 932 576 813
369 23 346 571 692 841 235 25 228 413 961 96 418 955 840 337 766 25 638 776 311 137 116 743 930 440
959 525 22 685 224 243 727 504 815 722 326 455 68 222 683 515 748 519 842 532 309 806 160 764 490 881
868 987 702 724 799 665 156 479 149 185 910 863 844 494 77 799 387 784 720 611 362 502 588 484 125 191
62 985 851 180 140 591 673 961 371 381 506 575 499 718 616 494 50 893 321 351 195 939 617 856 21 997
304 976 723 597 361 484 735 261 463 97 525 6 815 494 280 120 261 379 106 529 451 485 672 723 943 566
790 898 795 946 754 157 219 44 114 877 157 413 176 621 564 899 558 698 645 661 631 715 315 960 211 66
987 626 968 483 755 418 479 452 565 406 509 939 389 668 647 25 232 337 56 509 93 152 258 852 51 804
672 769 867 513 980 224 58 638 607 555 525 678 969 130 424 335 937 162 458 124 185 82 96 331 739 844
445 141 777 231 65 312 804 585 461 782 205 460 99 208 161 397 592 198 431 648 458 628 300 152 685 391
145 635 51 575 617 618 423 218 913 4 788 520 696 287 133 801 330 301 724 944 135 766 288 148 188 286
294 449 989 168 937 463 59 759 560 315 827 563 659 456 779 469 535 713 729 778 355 471 492 231 299 492
100 595 111 929 381 730 632 357 501 79 928 956 54 984 753 488 843 333 349 83 587 564 86 250 24 885
304 452 871 91 684 748 589 546 413 53 24 646 939 393 295 40 255 99 165 598 39 85 829 925 512 774
9797656793737347563483868947796837559274555978237282624398473275974896426726855743697799539824975965645324823247784776596587496226536723854354542667895979322683553676364895267699798292696586687783552255978887486856658429836255444529559529799566293932476367329874826497796535537238333782484535999529696896594887623453896922695522564353862225324535492226787276925965244749738525527858858868243964686774488628499728973445962638929492843446456467253855778254889744737457726937764893522984789274232468672995654437696844295576755392842236678954264693237427392825559898798675947626839654725444966958269478852524388938234692547553464842643792462746847537763486473796822548729475752695487567798935786829939597895645655555859328266668625454583698574
720 9
31 472 947 719 683 199 703 894 895 47 620 630 668 953 785 341 170 613 748 391 188 985 772 981 244 100
207 294 542 850 5 714 845 104 229 65 122 154 366 658 719 861 778 918 465 793 451 737 123 403 9 101
120 698 4 837 558 464 364 610 963 646 525 329 996 363 151 14 567 870 314 259 591 295 65 464 724 350
940 77 808 220 277 848 294 176 987 207 10 644 840 743 446 172 306 2 704 902 313 615 768 59 681 42
628 36 906 450 441 233 370 196 229 678 640 910 96 639 664 945 20 986 325 234 638 748 122 471 601 222
259 130 15 589 979 64 870 117 844 60 774 549 585 218 365 184 542 998 60 748 540 426 219 304 87 73
449 863 220 460 515 6 626 987 612 579 527 906 252 32 302 380 478 516 884 389 317 73 680 646 547 164
835 21 629 722 537 435 809 734 292 636 516 272 985 86 48 170 694 119 786 384 898 949 314 936 487 334
629 911 179 764 381 733 786 371 325 188 481 19 149 451 386 90 706 256 889 224 999 856 964 893 935 820
925 194 877 569 224 422 740 355 373 876 793 521 393 455 563 255 812 706 892 420 368 590 884 1000 636 174
865 599 166 378 910 288 976 476 27 310 111 567 311 531 844 298 518 198 909 360 591 202 632 517 988 847
890 586 184 89 34 79 936 859 2 987 771 716 553 783 417 95 996 357 328 777 696 421 401 879 567 31
504 540 419 971 734 899 887 987 351 837 69 212 470 29 390 566 700 374 408 183 33 918 170 756 847 366
37 962 306 973 707 859 436 222 86 37 612 174 483 552 712 778 870 958 138 766 139 358 777 235 323 178
743 709 963 823 658 171 550 172 813 286 839 823 920 940 829 693 597 576 814 53 892 636 548 431 602 367
327 662 793 107 676 386 77 34 647 572 844 682 551 107 794 752 64 278 202 230 487 801 125 898 886 838
362 843 828 12 896 622 677 366 157 393 606 664 494 976 500 68 573 863 464 64 63 689 615 261 282 919
157 894 991 90 239 515 670 186 575 240 581 88 951 286 457 1 886 668 322 29 154 530 832 347 216 970
181 793 794 994 246 625 770 326 47 351 876 621 118 425 72 90 675 444 939 323 945 22 175 904 84 529
486 856 498 306 925 832 52 616 74 903 888 278 510 845 589 614 657 558 850 613 333 422 565 414 955 152
443 996 462 327 606 657 839 461 813 439 566 929 131 116 907 327 712 850 781 779 988 558 606 669 359 691
111 311 412 84 609 782 340 984 275 823 487 130 552 963 354 585 684 767 302 324 668 484 480 831 63 246
413 618 172 713 81 241 424 702 464 576 18 358 86 31 657 124 349 327 589 559 882 352 373 984 892 228
123 523 910 192 347 729 820 686 362 295 959 643 249 30 143 588 533 237 573 501 87 747 627 210 869 202
588 38 829 945 672 936 255 412 671 219 826 253 392 148 879 41 356 892 860 941 429 572 561 876 500 148
479 128 274 68 317 293 570 240 523 424 601 960 740 121 232 62 939 245 205 318 802 243 814 104 571 744
768583433922749738438472674256257948788976926977329588625336334558983766368377893943392732795393749648273949546993868875732647524827264374532829689324837347744469489292857949754572236237325553489933786333844856894628644689695835349788543778945855995957879374423779956695767877928444622779597399776944299257397634492325563797423963494553849477963383649499988877373932628472455895239424344358546426529892674993725763725974787242229738464699876847969558257523274495727788665625293535235567742599794345824682895763468989354664723456233377534527973943486743975783256529922994829387236854539835552344679832448844484483524369598322845872326355977299389982898685948679973582946582434935543935427348547453963392796592856355455677
693 7
264 632 674 599 436 7 155 839 917 461 412 901 334 699 834 998 436 505 340 545 479 635 462 529 42 331
43 207 504 468 777 513 184 380 551 975 941 857 388 230 299 83 719 253 240 141 908 846 684 500 43 677
676 694 317 132 985 685 425 562 708 890 858 914 697 258 222 735 671 339 828 691 582 994 231 96 655 518
413 589 745 955 877 620 673 973 985 559 25 881 959 971 238 65 821 662 982 58 571 496 24 483 839 521
272 657 291 180 499 488 846 648 405 611 257 592 180 570 152 568 759 532 737 535 444 449 802 736 936 764
703 122 847 97 454 518 409 971 358 713 312 541 310 999 384 243 996 440 116 916 481 914 351 147 853 497
808 523 335 689 404 266 538 775 697 924 940 283 690 547 905 604 712 907 215 397 130 681 841 621 132 334
848 852 544 709 890 399 581 842 894 312 344 202 905 981 144 262 514 468 900 951 135 163 189 765 924 797
445 833 640 580 16 189 189 967 469 414 577 324 741 766 51 777 174 161 709 232 345 72 673 658 437 251
20 335 258 975 318 723 888 737 505 926 496 233 721 472 997 618 540 41 666 280 206 360 625 418 313 232
997 923 824 353 858 460 89 838 809 609 338 745 901 387 711 387 70 896 524 780 476 540 657 983 979 16
480 251 702 631 965 531 390 782 950 89 7 778 514 843 590 550 701 15 505 94 40 419 154 387 231 221
899 332 102 126 81 166 114 766 7 194 87 978 311 681 748 86 477 753 957 149 605 406 93 544 461 515
683 687 273 189 654 273 452 956 427 563 271 7 225 612 966 550 206 732 971 7 596 730 573 261 175 254
857 80 402 539 782 379 903 838 340 840 936 723 19 745 651 332 582 981 837 231 794 638 824 913 693 847
680 976 270 927 575 260 537 778 545 435 751 553 716 332 670 318 11 261 977 86 955 881 227 729 190 552
5 375 906 513 581 279 645 240 200 200 860 15 254 389 44 383 782 914 991 650 883 948 365 546 63 598
508 230 478 954 603 824 959 729 178 921 682 761 204 902 526 607 826 692 707 10 947 149 259 271 166 25
289 955 591 723 837 200 124 776 319 349 612 394 684 20 85 196 505 621 651 587 562 930 202 250 984 596
50 851 923 820 450 492 67 470 194 375 483 700 661 518 966 549 285 667 536 916 252 871 514 99 37 340
987 566 691 223 834 945 983 447 706 106 281 29 262 889 113 315 45 460 70 7 699 282 504 973 235 1000
139 816 663 634 499 291 901 459 883 250 441 760 878 53 380 161 543 347 62 906 579 959 562 215 16 273
557 882 398 742 117 857 941 15 511 496 317 641 114 428 167 120 21 244 172 742 656 488 133 558 962 914
60 766 466 667 977 352 313 394 897 469 688 828 196 753 659 477 348 471 322 99 327 174 188 211 458 5
380 614 877 986 355 660 775 798 366 215 222 825 814 503 301 637 359 664 738 961 316 341 262 804 632 662
838 785 186 125 319 986 970 605 131 281 513 821 864 299 549 360 515 885 636 761 681 18 68 159 118 696
224768644263697535248424243285655274887436556588596577566748675624393583487396252275847232385856552957597537578552768263886233544689928368483828529865274926539932552996927697777898434536586482235934989749398674222982856594376323263442796663496479366438664878399276447838695662974675878432237625774994446855327585354272948532522982753842664575767299789894353598445479889488624528489778264449246994352758539452824934383958242564575233855487826256422464668274437565287759253385572925887339789265732745633866964694498854278675527339858937924588394358375325238243479898782732867989234229899859265282394735555834879966382432849665774442945792656337943787297626895866348589392659578275476459572257355
892 9
839 125 400 144 304 941 545 644 73 164 411 959 230 373 494 327 311 592 486 378 530 955 344 260 659 746
703 960 942 595 49 755 729 4 63 133 757 344 340 71 762 523 45 481 877 430 734 12 891 799 907 775
398 111 594 801 951 513 394 374 901 659 164 313 257 713 197 510 169 848 38 552 17 32 217 813 211 711
757 573 727 750 920 300 479 158 550 24 45 847 507 485 377 393 701 715 98 646 524 501 276 429 148 517
603 711 481 742 446 713 24 234 638 674 110 170 809 884 866 764 668 950 553 275 383 914 780 290 616 774
742 817 330 68 566 657 574 909 776 35 327 123 964 663 699 667 801 791 291 233 601 359 655 390 652 879
627 999 212 816 551 995 401 493 697 754 797 917 27 847 302 388 241 970 755 46 230 526 369 863 982 678
269 337 859 10 304 647 391 580 62 529 804 94 514 258 207 512 811 425 856 71 849 84 981 546 681 789
288 351 286 401 522 533 541 600 219 475 277 444 998 84 840 920 156 70 832 608 530 46 166 428 281 768
692 817 873 477 334 418 574 55 981 790 254 397 725 681 266 210 860 697 178 991 369 214 466 710 895 244
234 332 116 417 723 363 2 197 272 670 840 995 20 22 350 70 197 860 716 600 986 188 117 79 826 530
578 748 123 997 671 452 419 661 826 715 424 390 175 547 224 239 760 462 390 699 286 163 418 229 34 535
56 238 331 752 814 806 797 671 539 220 546 977 659 858 202 659 198 408 954 202 28 785 370 848 53 979
42 228 257 252 638 607 122 798 1 840 86 221 2 143 564 103 62 89 516 583 329 120 922 453 410 224
423 739 973 751 786 863 561 385 384 133 813 576 690 370 682 658 610 431 673 367 755 751 631 431 328 229
513 10 3 225 592 391 733 354 906 466 734 492 23 172 263 736 619 965 617 321 36 1 908 243 222 620
292 935 781 598 220 895 168 735 530 972 473 727 340 900 387 208 144 268 927 356 976 197 216 634 994 812
746 867 971 264 376 196 472 570 825 319 620 203 453 168 354 531 537 765 660 345 481 640 672 430 269 55
697 85 346 283 834 823 46 221 419 170 536 307 863 427 60 213 816 798 48 699 44 927 860 209 259 822
868 458 701 853 689 478 290 949 393 449 785 829 961 121 589 477 924 790 585 245 109 899 209 233 957 255
527 560 541 687 979 563 273 416 935 518 302 244 253 17 517 361 853 557 47 975 201 233 62 269 606 162
840 245 608 196 161 213 182 906 43 576 945 513 980 373 314 290 363 875 930 675 147 926 359 376 104 514
240 933 715 866 357 157 391 551 673 663 126 932 940 158 122 933 349 129 196 437 251 439 877 119 428 282
489 99 85 36 616 825 517 256 633 903 589 200 264 467 685 397 30 198 691 697 335 370 234 989 528 317
643 739 691 4 96 662 179 996 465 950 752 925 48 647 280 674 497 950 608 326 559 552 706 546 671 569
934 801 233 370 494 231 961 656 298 581 767 261 30 893 502 212 801 736 87 713 788 160 352 152 798 240
7966683656573442863758446742865873826537765468897943346778693869859325567244672562856877797897248234459829474863388587567743335234798322639448938352674623637666532568494326877578759264477398734273243389548695499686788796498645292892578965844442649389687726478762592635235559698325972499549965533723693588262937469495764955453882359927453276622879789887345298887493634477737226727269533567329753248249433425836922739952755558938653992846272332579674845767762723698652765967939697393493454227377748793292686753365723862888222574993873977296245239882522224395594442488222762267387465365382673979847722356583299257763422475273836825445337448999759822599686842948383882497365273573655598437796834334673557636472225394228434856668357973634943479587633952382237892298629259856237435235637644935597878949748766555448843789475392468354779688677789966297495996253576532242342427935955839473563743592458
983 5
324 737 967 12 734 752 250 332 425 547 736 789 704 616 646 356 25 593 473 69 880 409 915 802 804 5
806 146 224 326 362 804 482 12 425 670 344 408 681 682 988 501 621 220 980 52 886 57 803 689 491 96
926 648 855 241 864 929 95 701 71 797 810 630 791 502 47 717 467 452 652 894 216 344 788 949 65 809
672 749 234 731 144 256 854 502 204 413 378 722 301 561 625 411 111 37 699 131 933 765 989 164 940 329
935 167 501 69 432 761 207 350 398 846 915 705 499 188 857 187 958 294 467 991 407 439 954 624 822 219
634 558 718 27 649 3 346 974 289 501 761 845 702 934 626 438 354 809 23 205 970 37 864 95 105 201
539 552 358 212 567 38 659 832 67 740 46 48 409 46 573 558 159 870 759 865 27 554 43 819 394 454
661 479 516 266 718 996 379 366 734 260 756 410 619 40 971 667 49 812 112 382 890 65 290 327 716 105
63 321 938 751 917 26 862 251 993 266 390 323 491 188 504 357 142 807 419 332 37 846 116 296 233 666
6 311 993 941 171 842 753 391 692 713 923 808 921 892 702 709 811 220 203 751 422 53 164 231 247 953
657 855 378 520 966 159 185 711 931 3 804 593 928 133 927 505 891 579 329 430 570 773 700 52 11 903
695 984 746 34 977 943 731 815 80 20 269 959 619 30 749 10 741 251 868 387 975 956 589 880 454 358
350 891 303 183 257 630 387 898 675 900 720 345 728 966 897 558 339 134 669 470 560 718 184 423 587 853
585 989 326 262 767 683 369 851 283 611 103 847 503 373 347 814 794 666 271 485 482 932 139 397 27 489
63 901 512 895 840 572 169 430 503 965 601 3 626 523 687 941 893 554 559 613 912 348 913 977 49 168
849 557 749 632 114 575 469 229 47 255 964 985 817 94 375 446 31 440 357 893 667 343 931 622 347 251
347 796 986 777 15 319 125 512 53 187 405 492 299 12 336 315 920 273 423 561 319 706 610 326 770 210
495 940 561 817 379 187 738 989 155 214 1 333 399 61 423 595 433 655 505 82 600 319 378 216 161 348
786 472 282 654 581 448 637 960 219 407 290 258 684 629 305 29 516 93 580 128 419 572 773 649 350 686
275 751 211 348 676 342 203 657 886 814 860 924 661 545 608 173 296 47 385 965 676 449 179 423 876 368
429 750 806 775 947 829 457 294 741 407 558 146 487 868 925 790 986 453 946 880 892 802 664 426 161 361
739 680 822 692 914 704 66 456 777 749 909 627 505 707 106 790 412 380 359 126 492 906 534 674 813 138
367 689 57 297 196 762 334 595 33 220 298 559 266 208 668 257 657 303 239 939 635 625 128 21 100 903
395 272 946 789 917 88 802 87 518 802 892 472 784 81 28 805 597 302 350 406 787 595 915 182 67 461
1 892 783 540 371 232 787 766 774 552 572 359 387 646 351 656 610 628 752 879 34 640 89 321 840 327
246 844 937 964 499 925 395 755 13 406 291 725 998 73 55 741 979 231 557 807 798 619 566 22 426 851
23993489662498655245485877643822875575287694384637375968434766637679932589277926233729299332687927629553799385592587952867972656673599945757396256593988335849494343573567698296665835683489898326827895228358756874488425462333858388667435368739373942954724739335757877644547832887242828442977825353924457735985972822784422642496998789764485652699475233548344674267545328589839456563283368873449735294728669324234774547395748494447529632929775263966884588767853634264857866555756933745433595274376253279285324456972982678747754769766336648847368784446527677947989933227999234384233534232656744223486753434866294223848586888932438629544539789989482364553664249635653957498897984866349745527953294565227562744786848389722567657225932886485773522387974626549272569888449432585775283845685652446683952645959275492583356357989788545376696543996734634576322622957695948754989972394929624774568476759988728269658668799422492497947297538755685539433935843464275369764764745664224684255249367389
714 6
690 854 466 7 167 305 285 604 206 559 871 31 833 121 760 88 418 739 349 245 22 659 766 486 14 686
45 227 672 988 270 168 99 734 338 516 972 51 193 685 218 937 276 971 491 164 31 309 375 521 980 406
690 7 448 438 62 369 78 662 937 965 779 47 240 295 599 214 162 167 453 345 69 72 157 479 129 612
385 838 5 245 416 604 711 812 345 736 740 591 881 93 955 764 736 28 323 344 4 513 531 888 690 920
708 579 340 177 85 448 85 274 339 751 568 26 811 493 706 657 313 4 563 648 315 253 994 343 566 201
602 628 331 378 763 859 152 723 979 475 918 515 528 868 381 773 979 840 566 517 683 271 729 916 826 297
272 935 451 853 417 241 855 783 174 49 790 817 191 699 924 89 810 68 421 495 200 263 995 337 864 505
290 827 312 110 122 660 283 112 91 971 642 215 66 944 337 805 597 292 38 147 41 626 866 238 9 206
145 378 659 768 38 43 656 882 363 623 584 182 743 854 701 219 324 770 133 132 420 896 253 247 159 909
497 548 768 135 531 648 739 581 307 457 333 442 733 632 409 833 996 557 723 517 767 349 325 217 490 516
695 738 662 681 42 700 26 399 429 642 318 26 239 483 69 452 706 267 146 395 637 442 706 21 507 612
434 419 395 921 514 537 244 218 430 30 556 226 399 270 482 68 32 762 141 225 623 594 98 822 99 115
658 445 7 459 289 335 115 189 107 901 786 457 291 682 748 167 286 929 343 152 498 121 849 355 637 773
654 648 675 738 83 226 948 843 927 775 909 517 415 638 542 171 691 689 852 576 752 54 260 692 282 543
51 725 864 624 855 148 730 93 764 13 901 850 830 124 741 310 939 453 799 133 566 762 450 592 968 767
143 491 991 294 386 45 208 132 75 342 933 775 70 446 557 199 491 432 956 832 184 265 257 122 815 957
654 454 958 684 815 320 299 528 875 188 311 55 65 663 736 873 363 308 168 478 54 638 752 897 985 159
504 210 688 173 355 417 819 719 684 279 746 423 330 266 730 380 219 629 313 61 972 678 110 644 323 482
884 332 344 902 808 476 41 113 111 53 303 885 739 485 526 403 23 467 604 510 792 966 700 207 51 462
681 379 585 320 407 348 59 198 438 666 813 597 784 994 381 729 39 809 676 63 264 360 628 507 205 591
540 777 574 674 612 615 162 217 228 486 160 141 148 140 47 167 997 970 9 16 198 904 355 124 758 602
882 594 563 898 152 643 480 92 949 471 531 608 550 180 362 773 601 762 302 767 373 2 945 91 545 539
266 568 319 189 74 528 822 168 991 534 493 617 538 436 231 983 378 71 966 50 27 833 977 740 912 296
856 790 486 258 940 626 372 303 424 393 329 30 934 709 706 852 732 257 998 116 186 678 7 524 996 550
70 160 953 305 801 332 294 785 31 2 634 171 57 565 653 570 820 449 331 781 770 762 786 510 665 959
49 174 782 261 326 121 760 764 319 382 696 841 817 67 821 494 790 76 946 156 112 639 419 26 984 111
753574734485556522992558822933265746448993433344979696344456865564624259959544858553752733699853874466557863223282737793999654285928367434356768622565789334982456399332842473547953586589632775677723656792763779747439342979434827459983926837547493795882467342953528766333875762273349899842822554657753759538255947487927723486944587936948646653232594875629428993358892886448424693757424396366224875842694624953637826828688966796668864462549826525862757395579786298632342854773573529873622799263577366984593664825364489937479438827699969945393652437989755347655229649544983828783957273623573524958559224564255676959664887275364929827326288533955449677559775922469676298867568696329537948937858285577526743843647372764
877 5
545 113 307 69 729 695 402 132 392 633 369 512 233 730 265 585 578 854 938 147 191 485 198 95 418 773
387 344 322 785 556 805 489 726 665 444 116 810 654 139 196 239 44 368 293 471 678 613 303 239 380 571
331 766 29 388 450 9 94 322 139 653 144 441 5 69 706 940 225 286 501 662 624 141 707 581 92 222
170 130 95 193 157 128 108 739 965 700 543 725 378 207 380 54 816 103 188 332 783 40 506 105 2 105
515 230 626 483 339 920 963 170 134 825 450 554 545 988 780 591 682 192 333 278 855 133 638 645 274 321
975 259 540 784 740 438 930 789 421 290 648 735 959 294 435 870 515 38 935 706 168 500 923 200 105 964
1 38 543 78 695 992 303 316 32 301 972 403 538 653 636 607 763 738 760 278 366 194 715 341 789 444
596 358 123 208 34 279 185 985 802 104 45 631 519 535 436 93 896 456 668 418 360 264 454 699 779 845
868 242 16 665 162 465 1000 855 685 248 800 133 836 545 872 50 531 644 403 159 251 353 608 737 562 679
472 467 486 565 619 851 870 608 198 905 957 184 259 809 639 17 723 646 398 806 195 927 589 893 578 861
34 38 862 975 904 407 371 768 286 375 198 188 877 125 95 489 74 537 901 696 615 49 293 187 41 143
823 249 432 307 372 369 590 868 924 821 886 675 610 816 240 533 101 42 23 401 770 616 469 176 309 341
183 538 6 814 646 800 804 888 776 708 565 886 948 500 897 658 315 521 529 100 141 523 535 752 129 238
377 225 968 257 849 778 111 889 918 769 762 607 285 942 311 702 398 160 755 877 606 307 698 475 783 943
206 661 909 91 110 896 775 509 620 535 977 651 169 12 700 835 10 744 98 905 228 496 112 807 687 79
734 798 634 822 404 430 932 193 78 49 47 215 267 526 561 182 919 535 405 193 259 900 2 536 2 487
924 912 86 599 535 514 622 541 660 510 885 913 975 568 244 717 355 34 932 896 98 152 206 385 610 966
830 514 540 939 984 380 129 928 946 848 189 659 16 574 887 736 229 126 406 15 511 880 72 827 288 123
720 31 48 457 536 787 581 488 499 825 525 591 304 320 497 480 682 552 212 875 202 205 559 643 735 400
877 548 720 113 15 605 502 857 675 218 660 325 784 469 817 242 93 308 185 876 569 724 387 740 298 270
573 530 355 351 413 839 97 530 174 775 335 102 657 224 550 775 379 546 962 410 591 26 159 395 532 350
769 957 423 820 794 611 719 766 436 269 354 800 723 129 289 91 478 384 777 509 247 852 501 563 771 151
122 252 501 633 803 383 260 405 353 760 175 611 931 551 983 772 48 700 50 854 411 442 108 658 537 526
680 660 84 869 875 89 453 432 164 483 676 141 377 42 117 284 613 515 577 100 632 585 832 954 855 406
674 570 996 42 413 976 733 175 474 642 406 504 379 635 815 702 681 62 840 978 856 566 948 992 648 980
702 88 199 226 665 619 662 981 572 783 95 968 107 354 508 322 218 19 214 494 834 433 11 175 984 47
3298269793323837923642899636263399442955447393744627657487849566789289269877779649847345469636228553949864564683662762859455856399639294837339646724578932659376298798352278349392282875739659555247962667497293428364386244696572935922598635262887732389558584587428463228789354427566283378667277823658435294376267463472474784829666527245584894338765293278398929558769778467658428468289568776543879764342793729436347365577626874237989495866852599822558297758736679666992462555956582239798598856939522876265424359984722675649763247279482332695683583857644694645734732294482497668554452683733294437673445597854584424298627394637272769795727566277388972855473764994362368983873584827842449978573235752328645677862239847755799977283743639369277524466768373562632796376284829322686497285436453382793365976526922568467233525967992677997235853923645932552487672538838758228927565386539994
960 9
658 196 535 561 983 48 639 91 502 990 290 249 189 13 412 297 34 224 22 937 293 405 138 865 429 928
225 276 333 927 200 826 562 749 722 704 416 941 260 180 591 360 173 289 708 370 537 659 35 88 344 61
952 13 552 602 985 62 461 425 936 5 865 445 165 340 565 409 935 957 995 218 5 492 713 786 72 767
347 177 689 402 39 830 835 462 727 11 440 347 59 597 424 772 172 77 657 761 581 806 810 2 659 56
700 894 770 233 491 35 921 203 716 675 590 298 81 367 247 296 60 883 424 617 412 710 202 744 845 331
225 24 565 7 354 741 34 651 246 741 51 574 273 821 823 866 225 851 143 934 408 846 79 377 175 284
40 228 864 630 10 724 36 635 599 15 319 975 838 743 471 81 645 649 292 335 491 129 908 214 381 391
143 211 824 48 682 65 516 246 779 179 820 426 148 360 453 611 205 745 272 127 146 809 52 108 615 68
378 464 139 70 537 838 402 826 985 487 903 647 457 46 500 776 254 612 377 393 566 931 22 167 699 599
218 293 470 968 60 899 742 702 220 649 225 203 237 573 10 751 294 379 918 635 680 438 429 33 842 31
813 990 459 753 351 863 279 189 920 202 374 772 760 399 813 188 813 596 441 157 626 918 15 517 666 522
400 364 633 283 250 185 1 739 738 210 228 216 609 909 961 466 782 590 915 769 755 149 425 786 442 117
743 602 238 736 209 490 647 743 68 403 496 580 346 668 738 156 200 785 648 615 358 17 578 737 240 611
562 586 136 366 754 305 5 901 369 993 789 162 580 244 557 642 428 46 473 901 35 881 975 101 760 71
661 380 591 603 814 364 69 206 92 16 973 182 509 753 401 84 711 317 391 717 335 633 872 219 619 84
925 607 91 683 116 430 301 362 861 940 166 653 835 131 279 547 273 420 347 91 628 45 534 998 752 260
852 447 302 160 275 975 657 939 162 323 92 961 386 185 956 458 607 470 274 650 881 746 393 951 576 77
227 621 349 738 40 879 652 153 841 765 286 553 205 372 523 438 253 562 416 647 671 855 584 36 699 834
222 504 405 810 211 503 437 143 450 855 204 510 234 428 667 851 788 432 721 753 46 257 547 520 776 55
561 394 418 346 707 106 718 257 193 749 444 390 182 920 886 623 85 732 643 893 452 796 935 249 684 696
555 815 413 919 637 859 488 11 438 96 255 665 82 301 158 879 433 402 506 608 689 368 105 869 966 341
563 475 846 953 999 696 923 239 716 664 579 635 802 473 271 239 977 466 920 796 59 926 945 979 625 941
902 936 268 430 792 986 436 183 851 418 25 855 704 180 142 323 906 560 954 985 661 852 73 568 264 347
148 753 683 231 451 926 407 688 649 145 725 590 760 487 75 34 781 84 768 322 662 362 843 744 687 602
151 742 858 379 640 809 555 54 225 657 261 736 268 89 813 42 554 416 437 66 312 849 800 15 848 427
248 948 440 373 862 736 43 755 587 574 201 848 341 513 831 395 820 364 401 327 10 873 167 334 869 117
247663876485297357776885465428549238266235535542889982247545884859255338864693477354853958467374345356376593894996282942425467232989634332743857372865326929492463878933443832663752265735388288236486378445493288392996825294962554959857889332662593485764876275344678482346434676874593995963965236964379635665848788974899979692559667239669857675872355388944787922294479237566323522897485578787228596595762753772496278725859698547993953555794573656279379628892837947958548558988726975893542424694289533534584425995752355838579464589564457964495595578668547363536464667944392945248423776735347733299359746573998636373923447937934567687562243443972276333857598628477722458772769899823769852954928449285695545887788663234752726629455369352475558762738834947924789247245387522665978334868272627758528444755333739456763277756695597353363828538228665647283357386947724352755777647573562357763394355847669338935657782739354648965698373692267636355228624866438778784698569
918 6
412 768 720 603 60 885 332 935 448 2 741 728 184 680 564 833 945 465 920 847 432 496 227 33 278 789
361 165 322 188 473 632 385 89 875 593 437 818 110 261 652 809 623 514 694 697 751 702 817 613 737 5
116 793 114 407 978 926 494 734 285 993 460 829 960 194 566 809 900 442 741 84 859 368 474 635 362 624
694 964 652 682 556 188 221 486 872 612 349 931 672 693 870 727 110 134 417 151 34 315 675 613 401 143
179 344 870 562 411 525 116 644 827 75 493 17 185 165 665 927 509 695 91 768 273 178 557 973 131 326
994 279 673 659 426 384 420 833 267 571 793 284 103 499 62 443 411 906 607 98 964 693 545 666 895 67
436 319 513 941 836 770 742 91 248 787 26 488 456 729 973 337 139 569 419 600 931 530 196 646 880 477
206 759 220 140 755 750 951 803 835 589 816 540 712 464 946 586 174 619 703 784 21 33 43 209 56 467
936 354 271 83 932 154 680 250 843 703 945 301 394 961 71 1000 583 891 609 472 679 770 982 98 841 218
535 340 930 939 648 712 56 426 252 537 449 691 836 925 238 709 256 888 464 238 256 348 952 33 760 561
634 696 31 484 450 222 114 884 950 72 567 957 404 690 849 59 159 261 193 623 164 465 612 701 804 133
974 647 534 450 732 489 690 12 13 126 308 256 956 516 112 300 42 59 524 905 333 667 442 227 156 35
580 783 516 434 706 822 349 549 17 726 536 291 805 88 465 647 282 936 936 469 823 139 470 888 594 600
999 429 166 735 403 249 390 247 392 64 593 403 228 175 615 652 154 600 857 512 299 151 878 747 211 457
86 335 98 702 618 417 21 896 549 949 516 743 432 289 110 358 523 464 428 474 596 433 309 96 928 341
393 335 298 141 663 543 560 770 60 668 814 384 148 504 60 88 161 30 865 860 343 573 554 464 244 366
301 990 142 368 995 442 778 654 432 893 49 83 757 402 562 741 99 571 905 347 714 194 156 344 976 105
359 30 666 422 264 397 698 586 737 841 221 600 629 51 268 779 126 755 661 646 278 972 835 742 140 22
470 706 242 490 875 585 212 402 820 473 976 829 98 223 474 669 179 274 331 881 858 142 285 866 341 929
405 718 862 942 908 742 580 174 433 900 9 741 476 146 24 48 603 563 293 972 685 349 122 673 624 706
792 254 760 958 62 152 683 828 522 748 318 854 480 927 602 823 708 340 61 108 485 962 926 645 32 928
9 887 213 107 839 77 707 538 200 331 973 180 928 593 246 58 212 497 974 309 809 848 544 362 294 187
470 790 139 193 746 407 307 115 426 718 692 764 254 868 122 941 59 728 835 643 224 953 682 218 881 401
696 132 223 660 925 135 423 226 826 163 387 956 428 997 191 277 274 815 137 662 853 488 493 758 804 387
84 253 850 663 256 694 174 598 445 324 398 356 339 998 720 994 38 878 379 450 68 607 278 201 654 984
26 721 24 6 513 383 472 411 451 255 775 389 85 387 304 29 944 176 77 349 996 764 605 309 912 175
722832993825336437492596562673247668688525737874377489342993968896553789495953252445267842387482497995675256752756433377745784368929627755439574276336894723226758852422538678373324629236847389925944824286735332889857874689788445922966952696526625425492959955282846443249232985659887733598377283822956572539478634595552464935867396484838847343635473659374564524379372688556946986382998592894634639839244644759269989934695282792593899472487747639864955297466647329698326638578377727844959894746933263423674678637762667252434274885326866336955287949467846582568363944987943464979796483889737592695526934339229539735623956337334454389633224346334996645358342736974935527399356457579822576439756686949967726883433348287677888382778858679762749957895983344573924254754349647677425983695847227979376595474842766434746986898846435654579628324396277485377982675259385989565262746299865694292569949456538336942367283734293359245
942 6
820 645 634 813 428 166 639 831 197 1000 386 115 394 990 284 218 140 336 385 613 78 859 917 671 365 370
642 181 912 244 450 263 903 456 540 141 270 834 441 173 332 194 451 258 576 732 765 730 910 710 347 453
472 621 119 319 742 508 558 620 627 950 721 117 335 683 451 66 83 322 95 448 934 998 61 702 318 982
731 341 968 246 780 474 965 667 545 726 847 715 111 733 900 186 473 26 523 769 955 658 886 956 990 580
650 660 336 149 403 888 510 469 9 161 829 993 887 283 215 534 356 907 937 753 963 415 193 491 351 362
50 75 941 429 734 399 972 59 392 996 974 630 169 433 785 380 593 447 663 330 748 954 63 58 367 48
383 796 357 430 208 814 682 629 384 157 846 848 482 490 732 324 528 96 118 400 252 903 961 211 580 843
669 328 963 612 943 23 142 199 84 721 415 43 208 290 292 326 509 937 5 513 557 239 99 264 478 94
940 738 792 590 359 747 688 654 506 722 19 313 695 633 748 427 663 998 579 11 353 853 644 418 967 633
678 586 224 348 951 371 367 572 637 568 444 891 885 817 597 629 266 982 917 982 878 831 533 721 614 885
742 849 240 761 854 612 378 730 43 805 904 112 197 61 416 110 381 941 609 499 810 502 422 997 516 342
972 194 631 286 337 512 223 403 337 27 73 830 669 822 389 971 879 652 702 220 17 136 734 627 170 396
723 116 602 526 245 621 15 877 560 431 308 754 244 783 712 728 797 455 61 429 503 581 273 330 436 159
742 661 872 380 650 891 1 591 445 701 764 761 844 275 628 421 582 136 794 978 854 126 140 137 937 239
844 475 645 777 679 278 785 145 1 408 587 56 441 273 338 919 356 24 344 234 936 690 249 79 552 868
941 692 466 195 387 374 329 154 878 193 997 259 628 689 730 481 991 296 99 115 753 18 217 938 504 480
819 41 700 82 631 309 291 846 880 90 295 995 338 802 416 307 114 868 587 390 257 727 655 302 70 601
206 282 24 622 234 148 122 700 279 772 64 44 332 699 361 614 78 598 835 24 49 192 242 747 189 863
463 877 90 301 308 480 868 62 276 790 684 856 448 269 245 472 640 362 139 459 453 153 196 229 257 386
114 102 848 633 827 424 326 941 713 549 638 423 735 801 328 371 165 559 347 230 245 651 876 334 213 988
769 584 219 206 729 532 346 6 55 602 326 958 79 462 408 12 574 343 737 564 691 394 25 951 405 602
29 809 100 760 279 874 280 869 847 802 444 747 19 578 852 662 928 440 394 345 242 955 460 777 832 527
606 374 923 174 89 430 250 940 300 881 542 619 608 859 625 221 409 129 454 575 912 153 853 547 632 268
31 405 752 751 538 366 639 660 644 18 384 135 141 47 462 804 352 697 74 97 831 72 378 652 685 975
397 834 783 460 789 295 597 772 926 515 73 1000 194 408 844 75 172 857 766 751 940 650 253 144 304 218
507 542 48 28 640 90 540 796 579 843 823 162 990 93 923 768 855 641 115 705 828 308 46 631 628 462
329779296762575625275696742795632475235264632665696747484564759998925284784829274867344248848358785558538545863393525684853963684426385767724856625552833327582285867444828758262989335734396885774794987673522584792693449857372874879225462794598856378286978275393443439675356572543643486587289969264475884676892235994553777598987535323697653359534948978627764672332245754228572832246242356736567289955533442756279332462895963939475752756588488756842689994335438294469855422542872254258822394472783346752637677798772794475574938923487999446948648834569662748397797344738935549398679268253326294985855556874796659456459839698645678269483759829378252529488249894377258824354664969564457875453783286988334273649832292844892926354494333985948586462822765223546682253874833729645525259257398626732269994665678442793243476636679638626798786726339964338924678499952258228626757589658895828785327577662698298482877889397833594583989477494473656993997697
