5
8 1
61 10 85 98 9 49 77 93 61 8 98 76 25 18 58 42 16 89 3 94 78 32 64 96 87 28
34 60 46 52 14 82 69 62 71 11 40 40 80 49 94 44 84 63 48 73 53 34 99 74 96 10
96 45 99 76 86 40 44 39 15 42 70 16 89 98 28 6 36 27 72 54 38 30 27 63 45 93
40 69 41 48 6 62 54 67 25 28 93 12 26 65 28 52 81 11 36 100 70 27 30 28 71 74
25 66 62 84 31 1 59 53 28 14 13 58 27 42 39 7 62 53 76 60 73 77 74 36 93 95
24 10 29 39 78 95 23 70 27 31 61 44 38 42 82 54 38 98 71 78 48 82 8 53 50 23
13 3 76 26 81 17 34 62 73 15 45 93 47 19 86 35 22 72 12 64 89 46 15 8 83 69
52 9 3 87 77 34 20 9 88 79 58 50 74 42 98 9 32 83 98 22 27 22 1 97 56 1
26 40 44 2 76 19 22 35 83 96 75 43 63 39 52 2 60 100 85 86 88 80 9 93 29 51
19 19 33 71 58 48 42 43 70 25 92 68 19 93 94 92 34 98 77 85 22 68 81 99 35 85
46 24 74 41 83 72 30 54 98 27 19 35 81 63 89 6 79 18 37 88 15 25 54 53 28 59
28 54 70 69 34 57 54 63 39 54 78 51 40 83 16 67 14 64 8 5 32 28 70 63 24 19
25 99 16 70 52 70 5 94 24 62 5 1 76 20 91 19 31 92 47 39 51 14 22 29 55 60
77 99 59 78 57 73 58 82 13 39 73 2 78 4 75 91 57 74 29 82 60 86 69 64 95 32
15 68 100 70 73 7 87 5 94 54 19 12 17 65 91 6 83 40 38 65 47 85 20 67 82 52
35 22 56 21 79 93 62 56 100 54 96 22 67 82 85 12 85 58 78 17 69 6 19 13 75 46
53 68 83 29 80 96 14 36 52 84 25 73 50 31 85 60 49 45 38 66 58 90 92 90 18 9
14 57 82 51 2 43 59 74 45 47 66 9 3 77 81 90 41 25 23 19 21 19 39 94 20 4
93 87 38 67 27 79 19 31 94 8 70 59 1 63 52 24 13 43 30 74 37 89 72 39 58 86
5 30 26 25 15 52 73 42 28 68 77 98 31 11 74 24 91 16 52 36 57 34 96 66 41 99
37 24 10 39 10 79 28 94 97 20 70 51 53 41 52 44 76 88 29 24 100 10 100 16 61 65
16 12 42 7 50 98 46 15 39 62 41 12 68 31 32 90 83 84 45 72 63 69 69 48 82 60
2 91 98 97 14 38 94 56 81 54 24 80 6 72 43 16 78 64 94 99 18 53 36 53 36 12
80 98 14 53 4 31 60 56 31 73 99 16 36 10 62 38 59 100 67 82 6 79 57 15 29 47
1 83 49 88 5 8 62 100 22 48 70 67 34 23 19 86 18 11 95 69 43 2 77 48 33 22
73 13 96 9 84 20 86 7 10 58 25 30 5 34 44 48 29 95 90 53 30 37 65 37 22 85
85953535
5 1
9 64 31 65 52 44 64 27 9 1 6 82 16 84 42 58 29 81 66 44 42 8 20 23 32 5
9 90 20 7 87 67 30 95 44 70 75 66 58 40 55 6 83 3 14 47 25 10 1 97 67 43
43 37 78 86 83 85 72 17 59 3 46 99 45 46 56 54 65 18 82 41 7 21 87 86 2 45
9 33 80 77 61 83 46 37 29 54 53 17 49 6 42 57 76 39 43 98 27 52 74 91 58 61
67 41 1 34 12 49 6 64 89 2 20 90 72 28 15 6 68 100 8 66 14 14 13 26 84 17
84 66 16 17 53 79 79 48 25 24 98 65 49 8 12 57 1 66 34 58 89 52 41 80 75 28
45 19 55 34 45 54 6 46 76 67 86 51 97 52 70 93 47 86 67 48 49 31 63 47 34 30
17 25 29 78 33 1 7 38 79 13 17 54 33 72 76 16 100 32 98 91 88 29 51 91 88 57
60 68 42 46 22 90 39 95 96 23 67 40 83 72 15 99 33 91 61 37 85 11 38 92 72 78
65 17 98 55 99 5 37 35 51 87 7 14 10 19 40 32 5 48 19 34 52 24 90 16 5 52
46 17 15 13 97 37 35 31 79 50 4 68 58 95 11 54 35 85 59 40 51 35 27 53 70 53
80 49 14 48 65 56 6 53 89 51 65 71 14 96 82 60 70 74 71 32 33 80 93 50 60 72
27 84 44 48 29 82 51 81 82 49 21 12 10 85 4 98 48 69 2 45 97 67 46 96 38 82
26 99 38 28 61 15 83 80 7 44 73 10 4 79 30 15 77 65 68 94 47 75 72 91 79 57
61 40 2 8 32 75 92 84 52 94 76 58 34 50 92 72 32 71 15 26 50 50 21 26 97 65
89 30 30 4 50 65 42 22 79 56 9 92 7 94 64 88 63 68 54 80 40 24 53 29 22 30
32 12 86 30 85 23 42 76 31 19 41 77 2 52 35 100 62 67 10 52 6 16 8 53 37 3
17 14 73 23 46 69 36 43 40 28 97 68 46 13 27 14 95 1 62 87 65 65 15 93 43 10
26 85 88 52 21 56 37 13 44 1 90 23 78 81 71 7 8 79 83 91 37 85 51 36 31 39
21 92 38 76 48 89 68 98 72 64 74 44 71 55 93 55 97 72 93 55 59 85 83 42 48 13
95 6 79 46 25 7 23 73 4 22 49 69 78 47 18 25 15 36 32 98 73 2 21 26 59 50
3 31 60 49 28 93 97 74 75 66 12 72 91 35 98 69 1 82 86 90 33 63 73 69 60 73
65 6 93 99 71 58 7 73 52 56 86 56 51 2 91 2 48 79 27 92 74 32 7 19 32 82
90 45 53 86 7 37 81 62 79 69 52 33 86 42 31 74 47 63 74 17 58 3 43 30 35 11
32 13 89 32 77 33 54 50 51 42 22 52 35 15 90 4 55 82 28 40 6 25 95 93 38 90
6 37 72 66 72 95 89 43 23 30 49 97 22 14 15 60 100 39 14 26 46 40 20 30 47 10
74654
8 1
68 85 99 70 5 43 80 37 94 93 13 39 40 94 39 81 3 63 52 79 84 55 72 85 34 39
80 88 91 40 29 12 23 87 97 83 97 53 51 27 27 97 22 55 72 84 55 97 65 68 71 68
90 68 81 95 40 84 8 67 13 78 39 66 38 6 5 2 25 59 33 1 23 22 39 55 65 26
31 22 24 16 39 44 64 17 40 69 37 97 66 52 16 95 97 26 76 22 21 71 81 39 34 99
11 74 72 60 76 16 51 22 26 62 96 94 97 50 41 26 18 70 5 61 65 19 17 95 91 26
79 8 60 29 90 95 97 70 51 29 46 17 51 28 100 57 73 38 84 87 2 43 83 25 20 6
86 6 56 43 41 8 53 49 41 60 96 20 78 20 43 48 79 5 50 41 74 21 54 13 51 12
51 8 12 51 15 67 28 67 82 14 16 11 33 99 76 64 8 9 45 90 47 2 91 63 27 14
82 63 45 26 69 32 96 34 49 99 78 98 32 78 53 16 69 59 69 59 1 72 16 20 12 97
86 3 17 96 58 12 55 51 84 50 15 11 5 80 13 27 72 70 87 99 60 4 9 69 11 67
21 57 31 21 1 89 18 26 73 70 17 82 54 52 52 70 54 95 41 55 80 43 64 59 9 24
23 82 55 16 65 80 32 36 5 76 52 30 48 49 61 67 89 42 43 33 24 50 49 74 30 69
44 53 85 30 63 49 66 81 38 100 79 45 36 80 8 59 57 96 18 96 84 50 69 58 94 10
69 13 49 74 63 28 28 77 27 28 11 22 45 38 61 34 74 28 97 55 17 70 79 43 25 1
90 18 38 70 43 61 12 90 78 59 24 89 58 61 66 10 20 11 76 27 94 82 35 63 57 53
49 8 70 26 37 82 40 19 85 68 10 40 25 87 54 90 94 8 24 93 80 1 30 33 53 56
63 67 37 74 94 25 40 57 31 86 89 77 14 78 80 33 80 77 90 2 73 65 76 62 1 61
18 26 9 1 26 67 5 24 58 55 55 80 92 36 78 18 19 6 62 49 16 66 30 99 85 21
84 26 17 21 87 33 90 30 26 88 27 15 99 62 60 58 49 69 65 91 61 2 73 30 60 59
75 49 54 62 69 38 27 38 83 85 31 92 83 84 84 92 32 18 54 79 87 26 47 97 90 71
41 37 60 24 42 30 90 14 29 44 21 4 42 40 56 75 13 30 20 82 51 79 76 91 73 90
86 90 47 87 25 17 28 25 74 40 23 14 7 65 98 12 56 63 58 14 32 97 45 34 8 66
15 88 36 8 44 93 72 18 22 87 82 14 65 78 15 48 61 100 69 8 91 24 66 44 76 63
81 44 1 57 12 56 10 70 73 84 42 48 12 26 26 52 32 98 89 81 71 52 90 4 39 55
32 26 84 82 57 77 24 96 33 18 5 31 36 65 14 64 31 28 94 52 77 41 31 42 26 49
15 33 69 37 84 25 22 4 30 80 40 64 98 52 7 78 17 70 35 24 83 88 3 29 25 59
42324622
9 1
54 61 76 53 31 63 63 23 16 88 31 33 22 100 82 49 93 38 90 68 1 100 81 94 39 58
17 43 74 71 95 98 56 62 64 82 28 17 10 100 3 21 66 75 66 46 73 45 43 48 70 29
69 33 50 77 79 83 81 89 57 98 78 19 62 72 75 39 30 83 87 73 6 50 93 86 5 97
50 77 72 67 14 95 14 99 20 9 11 49 65 46 17 94 17 16 29 28 81 90 85 27 91 14
32 69 47 34 12 38 72 11 52 26 35 5 5 80 64 34 70 91 28 64 73 88 99 33 86 78
78 79 72 100 6 35 68 92 60 86 37 48 52 49 54 68 60 94 97 12 74 86 98 40 39 51
99 29 72 97 58 16 33 28 83 63 6 5 23 3 20 100 90 48 68 67 86 67 26 58 81 61
10 6 67 94 8 80 23 10 23 96 68 48 30 8 91 5 99 52 15 27 69 28 26 66 74 4
95 36 20 8 59 92 93 45 48 50 68 37 52 15 63 13 90 82 85 26 45 69 57 86 8 57
4 65 16 72 11 79 22 38 7 14 5 75 66 29 60 9 97 53 88 22 45 93 11 67 77 62
19 42 91 77 85 94 5 68 37 44 85 83 97 57 78 96 13 84 9 28 57 89 20 49 84 100
21 72 47 76 52 96 1 52 52 45 55 92 64 34 65 21 87 1 71 74 75 82 21 78 30 78
18 63 40 72 19 100 96 45 11 9 84 91 58 31 74 30 36 79 78 55 92 14 74 41 56 62
33 26 36 75 24 62 32 83 96 31 78 62 32 96 56 94 64 37 18 96 34 53 4 71 13 18
43 84 84 7 73 76 66 33 76 99 11 72 28 85 32 97 85 17 27 49 29 78 30 38 59 67
71 31 47 60 54 61 23 98 69 81 73 36 52 47 81 2 80 72 64 96 39 82 72 46 68 14
36 60 4 70 25 89 70 97 89 36 89 94 53 52 98 25 31 76 59 34 28 44 17 30 58 9
53 53 89 76 43 48 35 61 6 71 68 85 97 2 90 66 51 67 93 98 83 44 49 14 2 83
40 53 4 96 56 86 99 53 40 45 98 4 16 96 99 37 95 99 66 52 79 61 90 42 55 24
79 95 11 56 34 66 93 13 9 67 70 51 51 63 98 16 50 78 19 85 34 41 68 62 99 33
51 4 61 94 36 86 7 69 66 44 8 98 79 98 49 24 83 13 5 61 12 58 79 85 92 66
2 64 81 9 6 99 97 36 86 100 14 17 9 7 15 100 27 67 20 15 12 75 82 31 21 77
63 75 31 1 58 89 32 23 85 58 32 78 97 61 69 65 60 34 14 100 48 51 23 7 95 99
70 24 34 6 47 62 59 2 31 27 93 13 16 9 42 26 43 49 77 85 58 44 12 44 99 31
34 94 82 5 31 34 94 69 94 85 5 51 6 26 54 75 98 59 34 65 55 54 63 64 75 84
82 41 7 99 14 78 95 46 44 26 70 58 72 53 91 25 81 75 60 15 60 83 81 55 28 60
937242874
6 1
83 33 2 11 100 91 71 43 8 71 83 94 16 29 57 89 55 8 70 37 57 52 58 77 60 95
91 43 35 12 82 46 66 20 1 18 89 22 39 1 19 64 64 71 61 70 83 10 4 72 78 60
31 85 19 20 3 99 60 80 52 79 83 82 80 25 63 99 61 84 52 61 6 97 76 28 17 37
13 76 18 35 27 90 88 66 99 10 61 63 28 46 77 84 29 91 6 50 36 65 68 51 63 70
68 30 23 48 30 92 4 18 90 93 72 93 9 78 24 46 57 62 34 23 51 32 83 17 5 90
76 40 47 75 66 34 59 79 82 61 61 82 65 91 44 81 93 19 74 82 17 27 97 2 41 66
11 8 54 7 38 97 92 66 34 87 40 75 25 85 92 79 89 4 81 61 12 46 50 23 92 80
51 54 19 57 52 74 71 63 29 46 24 59 39 13 87 51 37 22 41 36 64 95 45 56 54 49
25 40 98 18 42 41 38 25 55 14 56 80 77 37 44 6 52 42 10 46 64 11 94 58 68 56
25 78 33 34 42 71 15 74 18 94 30 96 77 44 74 94 7 93 28 12 74 50 78 75 32 41
43 44 34 62 33 9 46 83 92 85 66 93 19 4 52 99 40 26 82 2 60 55 96 84 43 80
26 13 35 57 20 72 40 42 15 51 97 58 88 52 79 16 19 79 98 90 58 83 86 79 10 59
36 32 69 1 6 99 24 78 7 13 74 53 64 20 10 54 13 97 9 11 63 10 52 28 49 81
71 95 25 87 61 89 67 87 73 64 1 38 39 96 28 89 73 63 30 62 100 31 68 87 30 54
93 93 92 77 12 68 45 51 36 9 18 85 72 74 59 23 59 33 67 69 30 66 63 67 97 81
15 31 55 32 45 63 78 1 98 51 6 47 76 71 55 99 31 83 78 43 70 48 10 95 31 36
13 66 47 100 100 64 59 36 18 16 77 28 17 74 61 100 51 22 47 90 13 43 34 81 51 98
29 47 33 38 26 32 50 47 17 10 79 32 59 21 36 78 85 56 48 94 99 19 82 86 93 98
71 65 82 60 82 53 2 25 30 71 44 92 35 29 9 11 39 8 98 18 22 27 48 82 7 77
99 88 65 7 72 97 9 39 37 9 8 89 8 84 29 21 37 74 16 55 13 31 95 38 23 5
98 37 35 68 87 27 93 99 28 63 6 14 94 75 53 21 27 68 97 48 64 38 86 4 92 88
46 74 97 76 20 6 98 35 70 74 8 41 71 80 48 56 47 53 27 22 66 40 44 80 15 77
100 3 59 50 18 47 32 63 23 22 98 41 50 17 11 90 88 95 99 93 32 28 77 90 66 23
9 13 79 14 5 14 50 76 50 96 89 90 49 55 42 61 55 50 20 74 10 98 73 49 97 36
93 28 38 15 22 94 54 14 78 51 40 34 28 79 24 24 90 29 8 12 55 59 16 55 85 7
37 39 8 38 25 22 85 9 33 97 93 21 91 70 77 71 73 66 3 85 87 68 20 51 39 66
434795
