10
6 6
399 -887 900 -378 922 -830
829 60 992 931 -321 305
6 6
910 116 -581 309 154 -985
-668 968 -32 -715 -783 -947
6 6
858 321 413 -731 895 787
964 956 -588 -851 843 -871
6 6
-22 635 458 -587 842 -283
-958 -996 -739 -130 745 962
6 6
502 595 334 -154 800 948
-363 979 -678 936 -844 628
6 6
-290 -911 882 812 -534 -835
566 -447 459 678 807 654
6 6
-979 764 991 -336 -694 142
905 737 -366 144 185 1
6 6
-961 -107 -558 923 -72 904
-303 -925 233 312 -560 967
6 6
438 20 56 -529 638 -336
-372 -223 324 -832 -578 -263
6 6
-154 143 134 357 832 -63
480 -908 -274 306 -538 -986
